22504
22505
22506
22507
22508
22509
22520
22521
22522
22523
22524
22525
22526
22527
22528
22529
22530
22531
22532
22533
22534
22535
22547
22548
22549
22550
22551
22554
22675
22676
22677
22678
22680
22681
22711
22712
22713
22714
22715
22716
22717
22718
22719
22720
22721
22722
22723
22725
22728
22762
22763
22764
22765
22766
22767
22768
22769
22785
22787
22788
22789
22790
22791
22792
22820
22821
22822
22823
22826
22848
22850
22852
22854
22855
22876
22877
22878
22879
22880
25638
25640
25641
25688
25689
25690
25691
25692
25693
25694
25695
25697
25699
25700
25701
25703
25704
25705
25707
25709
25710
25826
25827
25828
25829
25830
25831
25832
25833
25848
25849
25850
25851
25852
25853
25854
25855
25856
25857
26580
26581
26582
26583
26584
26585
26586
26587
26588
26589
26590
26591
26592
26593
26594
26595
28005
28006
28007
28009
28010
28011
28077
28078
28079
28256
28257
28341
28343
28915
28916
28917
28918
28919
29147
29148
29149
29150
29151
29152
29153
29154
29264
29265
29266
29267
29268
29269
29270
29271
29332
29333
29334
29335
29336
29337
29338
29339
29340
29341
29342
29343
29344
29346
29347
29469
29470
29471
30006
30007
30009
30010
30011
30015
30017
30018
30019
30021
30022
30023
30024
30025
30026
30027
30028
30029
30030
30031
30032
30033
30034
30035
30036
30037
30039
30040
30041
30042
30043
30044
30045
30046
30089
30091
30092
30117
30118
30119
30120
30264
30265
30266
30267
30268
30269
30270
30304
30305
30306
30307
30308
30309
30310
30311
30363
30364
30365
30366
30367
30368
30369
30370
30371
30372
30373
30374
30375
30466
30467
30469
30470
30471
30472
30478
30479
30480
30481
30482
30483
30484
30485
30486
30487
30488
30489
30490
30491
30492
30493
30494
30495
30496
30601
30602
30603
30604
30605
30606
30607
30608
30609
30610
30611
30612
30613
30614
30941
30942
30943
30944
30945
30946
30947
30949
31040
31041
31042
31043
31044
31045
31046
31047
31048
31049
31050
31051
31052
31054
31101
31102
31103
31104
31105
31106
31107
31108
31109
31110
31112
31113
31114
31115
31116
31161
31162
31163
31164
31165
31166
31167
31168
31169
31170
31171
31172
31173
31401
31402
31403
31404
31405
31406
31407
31426
31427
31428
31429
31430
31431
31432
31433
31434
31435
31436
31437
31438
31439
31471
31472
31473
31474
31476
31477
31478
31480
31481
31482
31483
31484
31485
31486
31487
31501
31502
31504
31505
31506
31507
31508
31682
31683
31684
31685
31686
31687
31689
31690
31691
31692
33701
33702
33703
33704
33705
33706
33707
33708
33709
33710
33711
33712
33713
33714
33715
33716
33717
33718
33719
33720
33722
33723
33725
33726
33727
33728
33729
33730
33731
33732
33734
33735
33736
33737
33738
33739
33740
33741
33742
33743
33744
33745
33746
33747
33748
33749
33750
33751
33752
33753
33754
33755
33756
33757
33758
33759
33760
33761
33762
33763
33764
33765
33766
33767
33768
33769
33770
33771
33772
33773
33774
33775
33776
33777
33778
33779
33782
33783
33784
33785
33786
33787
33788
33789
33790
33791
33793
33794
33795
33796
33797
33798
33799
33800
33852
33855
33856
33857
33858
33859
33860
33861
33862
33863
33864
33865
33866
33867
33868
33869
33870
33871
33873
33874
33876
33877
33878
33880
33882
33883
33884
33885
33886
33887
33888
33889
33890
33891
33892
33893
33894
33895
34453
34454
34455
34456
34457
34458
34459
34460
35214
35215
35216
35217
35218
35219
35220
35247
35248
35249
35254
35304
35305
35307
35308
35309
35312
35313
35314
35315
35317
35351
35352
35353
35354
35355
35356
35357
35358
35519
35520
35521
35522
35523
35526
35527
35528
35529
35530
35531
35532
35533
35534
35535
35536
35963
35964
35965
35966
35967
35968
35969
35970
35971
35972
35974
35975
35977
35978
36354
36355
36356
36357
36358
36359
36360
36361
36362
36363
36364
36365
36366
36367
36368
36369
36370
36371
36372
36373
36374
36375
36376
36377
36378
36379
36380
36381
36382
36383
36384
36385
36386
36387
36388
36389
36390
36391
36392
36393
36394
36395
36396
36397
36398
36399
36400
36401
36402
36403
36404
36405
36406
36407
36408
36409
36410
36411
36412
36413
36414
36415
36416
36417
36418
36419
36420
36421
36422
36423
36424
36425
36426
36427
36428
36429
36430
36431
36432
36433
36434
36435
36436
36437
36438
36439
36440
36441
36442
36443
36444
36445
36446
36447
36448
36449
36450
36452
36454
36455
36456
36457
36458
36459
36460
36462
36463
36464
36465
36466
36467
36468
36469
36470
36471
36472
36473
36474
36475
36476
36477
36478
36479
36480
36481
36482
36483
36484
36485
36486
36487
36488
36489
36490
36492
36493
36494
36495
36496
36497
45493
45494
45496
45497
45498
45499
46001
46002
46003
46004
46005
46006
46007
46008
46009
46010
46011
46012
46013
46014
46015
46016
46017
46019
46020
46022
46023
46024
46025
46026
46027
46126
46127
46128
46129
46130
46131
46132
46133
46134
46135
46136
46137
46138
46139
46140
46141
46142
46143
46144
46145
46146
46147
46148
46149
46150
46151
46153
46154
46155
46156
46157
46307
46319
46320
46340
46341
46344
46345
46348
46349
46352
46353
46356
46357
46360
46361
46364
46365
46368
46372
46386
46387
46388
46389
46392
46393
46397
46429
46430
46433
46434
46437
46438
46441
46442
46445
46446
46447
46450
46451
46454
46455
46457
46461
46462
46465
46466
46469
46470
46473
46474
46478
46479
46482
46483
46486
46487
46490
46491
46497
46498
46644
46672
46695
48304
48305
48306
48311
48314
48316
48325
48326
48328
48331
48332
48337
48342
48344
48345
48347
48348
48352_rep0
48352_rep1
48353
48355
48358
48361
48362
48365
48366
48369
48370
48373_rep0
48373_rep1
48374
48377
48379
48381
48382
48383
48384
48387
48390
48391
48394
48395
48398
48399
48402
48406
48408
48409
48411
48412
48416
48417
48420
48423
48425
48426
48432
48436
48439
48441
48443
48444
48445
48447
48449
48452
48456
48464
48468_rep0
48468_rep1
48472
48473
48475
48477
48478
48479
48482
48486
48489
48490
48494
48495
48496
49003
49004
49007
49008
49011
49012
49015
49016
49019
49020
49024
49025
49026
49027
49028
49032
49035
49036
49040
49041
49045
49048
49052
49055
49056
49210
49211
49213
49214
49217
49218
49221
49222
49226
49229
49230
49231
49233
49234
49237
49238
49240
49243
49245
49246
49249
49251
49254
49255
49258
49259
49262
49263
49266
49267
49270
49274
49278
49282
49286
49287
49289
49290
49293
49294
49297
49298
49383
49401
49404
49405
49408
49409
49414
49416
49417
49424
49426
49427
49430
49431
49432
49435
49436
49439
49440
49447
49448
49451
49452
49453
49456
49461
49462
49466
49467
49470
49471
49472
49475
49476
49479
49482
49485
49486
49487
49490
49494
49497
49498
49499
50076
50085
50092
50094
50099
50100
50102
50103
50106
50107
50114
50115
50118
50119
50121
50122
50125
50129
50131_rep0
50131_rep1
50132
50134
50137
50140
50143
50146
50147
50148
50150
50151
50152
50153
50156
50158
50159
50163
50164
50168
50172
50182
50185
50186
50189
50190
50191
50194
50195
50198
50201_rep0
50201_rep1
50202
50205
50206
50210
50211
50216
50217
50220
50223
50225
50226
50230
50234
50235
50237
50238
50241
50242
50245
50248
50252
50253
50255
50258
50259
50262
50265
50266
50269
50279
50282
50286
50288
50293
50296
50299
50300
50303
50304
50310
50311
50315
50316
50322
50326
50327
50330
50333
50335
50336
50340
50341
50344
50345
50348
50351
50354
50355
50358
50359
50364
50365
50369
50370
50374
50375
50377
50382
50383
50385
50386
50390
50391
50396
50397
50404
50405
50406
50407
50411
50412
50417
50419
50420
50421
50429
50430
50431
50432
50474
50475
50478
50482
50485
50486
50490
50491
50494
50496
50500
50701
50707
50708
50716
50719
50722
50723
50729
50731
50735
50736
50745
50746
50749
50752
50753
50756
50764
50767
50770
50771
50774
50775
50778
50779
50784
50787
50788
50792
50793
50794
50795
50798
50799
51205
51209
51210
51211
51216
51219
51221
51223
51224
51228
51229
51233
51236
51240
51241
51247
51250
51257
51259
