26581	hip	hip26581	AIL_RNA3c	4	9.3	299.22	303	34.45	50	45482	45342	119	132	21	0.5	1	2	9/24/2012	30.4	y
26583	hip	hip26583	AIL_RNA6d	15	9.1	370.6	290	25.5	50	45484	45352	98	112	19	0.5	0	2	9/24/2012	35.9	y
26592	hip	hip26592	AIL_RNA7d	23	8.9	277.9	296	21.67	50	45457	45438	99	100	21	0.444444444	0	2	9/24/2012	30.8	y
26595	hip	hip26595	AIL_RNA3b	19	9.2	324.07	311	33.89	50	45393	45425	113	98	21	0.6	1	2	9/24/2012	24.8	y
45497	hip	hip45497	AIL_RNA5d	7	9.3	375.42	294	1.86	50	45301	45371	104	98	21	0.833333333	1	1	9/10/2012	24.5	y
46004	hip	hip46004	AIL_RNA3d	8	9.4	223.92	317	31.06	50	45316	45441	104	83	21	0.888888889	0	1	9/10/2012	28.2	y
46007	hip	hip46007	AIL_RNA2a	1	9	230.14	292	23.88	50	45323	45465	103	84	21	0.5	0	1	9/10/2012	35.8	y
46008	hip	hip46008	AIL_RNA2b	10	9.2	205.1	296	45.18	50	45466	45312	83	105	21	0.444444444	1	1	9/10/2012	21.3	y
46013	hip	hip46013	AIL_RNA2c	19	9.4	258.15	292	15.63	50	45328	45320	103	106	21	0.75	1	1	9/10/2012	26.2	y
46016	hip	hip46016	AIL_RNA4d	20	9.1	341.34	295	31.92	50	45385	45314	95	103	21	0.545454545	0	1	9/10/2012	41.5	y
46016	hip	hip46016	AIL_RNA5c	20	9.1	341.34	295	31.92	50	45385	45314	95	103	21	0.545454545	0	1	9/10/2012	41.5	y
46027	hip	hip46027	AIL_RNA7b	7	9.3	202.76	279	22.91	50	45397	45364	95	96	21	0.5	0	1	9/10/2012	29.1	y
46127	hip	hip46127	AIL_RNA4a	23	9.4	301.68	290	23.79	50	45389	45384	97	97	21	0.571428571	1	1	9/11/2012	22.2	y
46128	hip	hip46128	AIL_RNA9b	10	8.5	337.19	281	9.31	50	45322	45303	106	106	21	0.4	0	2	9/24/2012	43.2	y
46130	hip	hip46130	AIL_RNA8d	10	9.2	232.4	288	14.68	50	45311	45447	106	85	21	0.666666667	0	1	9/11/2012	36.7	y
46134	hip	hip46134	AIL_RNA6b	7	9.3	259.45	300	16.89	50	45360	45464	98	84	21	0.5	0	1	9/11/2012	34.7	y
46141	hip	hip46141	AIL_RNA9a	19	9.1	233.1	293	29.69	50	45463	45450	86	85	21	0.727272727	1	1	9/11/2012	22.5	y
46142	hip	hip46142	AIL_RNA6d	10	9.2	316.66	293	33.92	50	45398	45488	97	69	21	0.25	0	1	9/11/2012	29.3	y
46145	hip	hip46145	AIL_RNA3a	3	9.3	153.24	293	25.23	50	45475	45370	97	69	21	0.25	1	1	9/11/2012	24	y
46153	hip	hip46153	AIL_RNA7c	6	9.3	380.19	288	31.93	50	45333	45416	104	97	21	0.625	1	1	9/11/2012	23.8	y
46154	hip	hip46154	AIL_RNA6d	11	9.2	292.17	294	22.23	50	45334	45339	106	106	21	0.625	0	1	9/11/2012	25.4	y
46157	hip	hip46157	AIL_RNA8a	22	9.1	151.8	209	6.73	50	45335	45377	108	102	21	0.666666667	1	2	9/24/2012	25.1	y
46341	hip	hip46341	AIL_RNA7b	16	9.1	201.26	289	23.67	50	45417	45358	111	111	21	0.625	1	2	9/24/2012	20	y
46372	hip	hip46372	AIL_RNA7b	27	8.8	271.15	307	11.95	50	45455	45480	100	99	21	0.4	0	2	9/24/2012	36.8	y
46429	hip	hip46429	AIL_RNA9a	7	8.4	332.98	289	16.58	50	45476	45330	105	127	21	0.625	1	3	10/10/2012	28.9	y
46434	hip	hip46434	AIL_RNA9b	5	8.8	163.13	290	11.56	50	45461	45387	115	124	21	0.538461538	0	3	10/10/2012	26.8	y
46451	hip	hip46451	AIL_RNA9b	20	9	157.39	212	8.1	50	45373	45423	126	112	21	0.545454545	1	3	10/10/2012	23.7	y
46454	hip	hip46454	AIL_RNA9a	1	9.1	275.87	286	38.29	50	45433	45474	112	110	21	0.75	0	3	10/10/2012	40.6	y
46461	hip	hip46461	AIL_RNA6d	20	9	277.79	293	22.36	50	45448	45345	112	127	21	0.272727273	1	3	10/10/2012	22.3	y
46474	hip	hip46474	AIL_RNA7a	12	9.2	213.5	272	13.4	50	45436	45456	114	112	21	0.545454545	0	3	10/10/2012	30.9	y
46644	hip	hip46644	AIL_RNA8c	14	8	277.63	289	19.46	50	45388	45495	130	86	21	0.444444444	0	3	10/11/2012	30.2	y
46672	hip	hip46672	AIL_RNA9b	8	8.3	236.44	303	19.88	50	45368	45336	137	143	21	0.444444444	0	2	10/11/2012	28.9	y
48304	hip	hip48304	AIL_RNA7c	15	9.1	239.41	289	20.85	51	46080	46170	83	80	24	0.5	0	4	12/6/2012	30.1	y
48305	hip	hip48305	AIL_RNA9a	10	8.4	424.45	277	23.64	51	46068	46099	83	83	24	0.5	1	4	12/6/2012	23.2	y
48311	hip	hip48311	AIL_RNA9a	11	8.1	300.03	276	9.73	51	46033	46117	85	85	22	0.5	1	4	12/6/2012	28	y
48325	hip	hip48325	AIL_RNA9a	21	8.2	249.23	282	19.79	51	46076	46171	85	82	23	0.428571429	1	4	12/7/2012	22.6	y
48326	hip	hip48326	AIL_RNA9b	15	8.3	278.71	293	22.48	51	46083	46163	82	81	25	0.714285714	0	4	12/7/2012	33.9	y
48362	hip	hip48362	AIL_RNA7a	1	8.9	399.68	277	16.95	51	46120	46179	85	83	26	0.222222222	0	4	12/6/2012	28.9	y
48390	hip	hip48390	AIL_RNA8b	18	8.2	288.41	283	20.27	51	46079	46217	85	71	26	0.25	0	4	12/7/2012	28.9	y
48395	hip	hip48395	AIL_RNA8b	14	8.2	328.31	293	25.48	51	46091	46097	85	84	25	0.454545455	1	4	12/7/2012	25.3	y
48398	hip	hip48398	AIL_RNA9a	20	8.2	400.46	289	7.55	51	46095	46089	87	88	22	0.571428571	0	4	12/7/2012	23	y
48412	hip	hip48412	AIL_RNA9b	3	8.1	316.63	314	17.8	51	46049	46180	86	85	24	0.583333333	0	4	12/7/2012	29.9	y
48425	hip	hip48425	AIL_RNA9a	8	8.1	148.42	284	27.11	51	46094	46084	93	94	21	0.666666667	1	4	12/7/2012	25	y
48426	hip	hip48426	AIL_RNA9a	22	8.2	202.98	290	22	51	46175	46218	91	76	23	0.666666667	0	4	12/7/2012	30.1	y
48441	hip	hip48441	AIL_RNA9b	7	8.2	271.74	298	24.29	51	46192	46111	105	106	21	0	1	5	1/2/2013	23.8	y
48456	hip	hip48456	AIL_RNA8a	23	8	343.31	285	14.44	51	46208	46074	105	106	21	0.375	0	5	1/2/2013	38.5	y
48495	hip	hip48495	AIL_RNA9b	16	8	169.44	284	17.05	51	46196	46110	106	107	21	0.416666667	1	5	1/3/2013	23.1	y
49015	hip	hip49015	AIL_RNA9c	5	8	316.85	285	44.92	51	46037	46440	109	80	20	0.571428571	1	5	1/3/2013	24.4	y
49016	hip	hip49016	AIL_RNA9a	25	8	342.27	283	2.6	51	46303	46197	94	107	20	0.333333333	0	5	1/3/2013	33.8	y
49048	hip	hip49048	AIL_RNA8a	27	8	326.05	283	6.31	51	46223	46342	95	95	22	0.6	0	5	1/3/2013	29.2	y
49210	hip	hip49210	AIL_RNA7c	21	8.9	263.65	301	13.31	51	26578	46500	170	142	20	0.545454545	0	6	2/25/2013	29.6	y
49217	hip	hip49217	AIL_RNA4d	14	9.1	280.84	294	13.85	51	46166	46394	171	141	19	0.727272727	1	6	2/25/2013	23.1	y
49226	hip	hip49226	AIL_RNA8b	20	8	207.06	282	20.76	51	46449	46444	143	143	NA	NA	0	6	2/25/2013	30.7	y
49231	hip	hip49231	AIL_RNA7a	11	9	237.69	291	10.57	51	46195	46456	170	143	20	0.6	1	6	2/25/2013	26.7	y
49240	hip	hip49240	AIL_RNA7c	9	9.2	166.17	271	10.96	51	46439	46178	144	171	19	0.5	0	6	2/25/2013	25.7	y
49245	hip	hip49245	AIL_RNA7d	15	9.1	217.14	284	8.18	51	46443	46190	145	172	18	0.714285714	1	6	2/25/2013	24.6	y
49262	hip	hip49262	AIL_RNA7c	16	9	216	316	21.77	51	46391	46181	144	172	18	0.5	0	6	2/26/2013	26.4	y
49267	hip	hip49267	AIL_RNA3a	1	8.5	240.92	288	17.9	51	46395	46646	141	138	19	0.5	1	6	2/26/2013	25.4	y
49274	hip	hip49274	AIL_RNA3a	2	9.3	307.09	276	27.61	51	46481	46432	141	148	19	0.538461538	0	6	2/26/2013	34.6	y
49286	hip	hip49286	AIL_RNA2a	3	9.5	296.81	292	30.92	51	46475	46488	145	143	22	0.333333333	0	6	2/26/2013	29.5	y
49293	hip	hip49293	AIL_RNA7a	10	9.2	188.01	294	18.12	51	46399	46480	146	144	21	0.7	1	6	2/26/2013	23.6	y
49405	hip	hip49405	AIL_RNA9b	9	8.5	260.15	268	7.26	51	46643	46119	141	175	22	0.75	1	6	2/26/2013	22.7	y
49405	hip	hip49405	AIL_RNA4c	9	8.5	260.15	268	7.26	51	46643	46119	141	175	22	0.75	1	6	2/26/2013	22.7	y
49414	hip	hip49414	AIL_RNA4a	10	8.5	261.34	299	41.07	51	46499	46042	155	184	26	0.545454545	0	7	3/20/2013	27.6	y
49416	hip	hip49416	AIL_RNA8d	7	9.6	263.55	267	11.3	51	46463	46302	149	163	19	0.75	0	6	2/26/2013	29	y
49426	hip	hip49426	AIL_RNA2b	15	9.6	243.83	290	42.62	51	46032	46390	174	144	18	0.8	1	7	3/20/2013	21	y
49432	hip	hip49432	AIL_RNA2a	9	9.3	316.55	300	18.29	52	48333	48448	113	89	21	0.5	0	7	3/20/2013	30.6	y
49435	hip	hip49435	AIL_RNA4a	25	9.2	240.18	300	38.14	52	48359	48350	111	110	22	0.5	1	7	3/20/2013	21.4	y
49452	hip	hip49452	AIL_RNA9a	23	9.4	261.21	293	21.41	51	46113	46448	195	167	22	0.5	0	7	3/20/2013	41.8	y
49453	hip	hip49453	AIL_RNA8c	8	9.4	381.76	287	8.76	51	46459	46484	167	163	22	0.333333333	1	7	3/20/2013	26.2	y
49462	hip	hip49462	AIL_RNA4b	2	9.3	202.76	300	28.09	52	48415	48430	114	102	20	0.5	0	7	3/20/2013	38.7	y
49471	hip	hip49471	AIL_RNA3b	3	9.3	250.09	298	29.24	52	48309	49018	115	89	19	0.555555556	1	7	3/20/2013	23.2	y
49485	hip	hip49485	AIL_RNA8c	6	9.5	214.95	208	5.6	52	48336	48462	113	91	20	0.25	1	7	3/20/2013	20.5	y
49490	hip	hip49490	AIL_RNA3d	9	9.2	253.29	300	23.25	52	48421	48310	112	115	20	0.461538462	0	7	3/20/2013	21.5	y
49498	hip	hip49498	AIL_RNA4b	19	9.3	264.93	295	7.77	52	48339	49046	111	86	22	0.7	0	7	3/20/2013	29.9	y
50078	hip	hip50078	AIL_RNA7b	14	9.1	180.78	281	16.37	53	49429	50196	116	86	20	0.666666667	0	10	7/16/2013	26.4	y
50095	hip	hip50095	AIL_RNA6b	12	8.8	227.03	296	22.6	53	50199	50130	85	115	21	0.538461538	1	10	7/16/2013	24.5	y
50099	hip	hip50099	AIL_RNA5c	22	8.9	276.11	284	7.32	53	50173	49478	93	121	20	0.666666667	1	10	7/16/2013	20.7	y
50107	hip	hip50107	AIL_RNA2b	4	8.9	297.25	293	42.69	52	48341	48454	109	89	22	0.625	1	7	3/20/2013	22.1	y
50122	hip	hip50122	AIL_RNA1	5	8.9	264.58	287	40.63	52	48357	47718	111	72	21	0.461538462	0	7	3/20/2013	23.3	y
50131	hip	hip50131	AIL_RNA1	18	8.5	369.59	303	36.3	52	48427	48354	104	111	21	0.727272727	1	7	3/20/2013	17.5	y
50146	hip	hip50146	AIL_RNA2c	14	8.8	231.19	290	31.47	52	48429	48334	105	113	20	0.875	0	7	3/20/2013	36.9	y
50147	hip	hip50147	AIL_RNA3a	19	9.3	314.04	295	20.64	52	48335	48458	121	99	24	0.555555556	1	7	3/20/2013	29.2	y
50153	hip	hip50153	AIL_RNA8a	18	8.3	312.01	283	18.57	52	49069	48424	104	139	21	0.571428571	1	8	4/22/2013	23.2	y
50158	hip	hip50158	AIL_RNA8b	13	8.4	231.11	284	13.19	52	49053	48318	115	140	21	0.7	0	8	4/22/2013	28.7	y
50168	hip	hip50168	AIL_RNA1	19	8.4	323.03	283	45.77	52	48459	48446	117	118	21	0.3	0	8	4/22/2013	25.5	y
50186	hip	hip50186	AIL_RNA1	20	8.4	284.14	286	49.3	52	48483	49044	118	116	20	0.615384615	0	8	4/22/2013	31.5	y
50195	hip	hip50195	AIL_RNA4b	21	9.4	299.69	281	20.15	52	49067	48428	105	133	20	0.5	1	8	4/22/2013	19.9	y
50216	hip	hip50216	AIL_RNA1	6	8.8	290.76	294	22.79	52	49017	48404	117	141	21	0.666666667	0	8	4/22/2013	28.8	y
50217	hip	hip50217	AIL_RNA1	7	9.4	246.45	292	23.39	52	49091	48410	95	141	21	0.8	1	8	4/22/2013	20.3	y
50220	hip	hip50220	AIL_RNA2c	13	9.4	327.95	288	8.79	52	49085	48460	96	120	19	0.833333333	0	8	4/22/2013	32.6	y
50223	hip	hip50223	AIL_RNA6a	22	8.8	332.33	295	27.01	52	49013	48466	118	119	20	0.428571429	1	8	4/22/2013	23.5	y
50237	hip	hip50237	AIL_RNA2b	23	9.4	330.1	288	35.01	52	48437	48422	119	140	22	0.4	1	8	4/22/2013	22.6	y
50255	hip	hip50255	AIL_RNA2d	25	9.5	233.62	300	27.3	52	48481	48492	118	117	22	0.8125	1	8	4/22/2013	21	y
50258	hip	hip50258	AIL_RNA2a	27	8.8	253.19	287	32.13	52	49077	48330	102	142	21	0.454545455	0	8	4/22/2013	28.3	y
50265	hip	hip50265	AIL_RNA6c	1	9.5	369.12	284	8.95	52	49037	49082	118	102	20	0.5	1	8	4/22/2013	NA	y
50288	hip	hip50288	AIL_RNA2c	10	8.9	339.61	315	25.69	52	48397	49232	158	71	21	0.4	0	9	5/27/2013	35.6	y
50299	hip	hip50299	AIL_RNA8d	11	9	354.2	285	2.03	52	48485	49066	139	133	21	0.5	1	9	5/27/2013	25.3	y
50304	hip	hip50304	AIL_RNA6a	11	8.9	273.24	283	16.22	52	49065	49086	133	117	21	0.363636364	0	9	5/27/2013	29.7	y
50311	hip	hip50311	AIL_RNA2d	27	9	297.62	309	41.52	52	49275	48498	79	145	21	0.125	1	9	5/27/2013	23.9	y
50322	hip	hip50322	AIL_RNA5b	3	9	255.16	296	28.02	52	49265	49422	79	76	21	0.555555556	0	9	5/27/2013	32.5	y
50333	hip	hip50333	AIL_RNA8b	21	8.2	204.98	305	14.89	52	49261	48396	79	168	21	0.666666667	1	9	5/27/2013	21.7	y
50340	hip	hip50340	AIL_RNA9b	11	8.4	294.49	286	22.69	52	49253	49014	80	144	21	0.4	0	9	5/27/2013	29.3	y
50348	hip	hip50348	AIL_RNA5d	6	8.8	391	296	14.22	52	49235	48400	82	166	21	0.285714286	0	9	5/27/2013	38.9	y
50348	hip	hip50348	AIL_RNA4d	6	8.8	391	296	14.22	52	49235	48400	82	166	21	0.285714286	0	9	5/27/2013	38.9	y
50355	hip	hip50355	AIL_RNA3b	15	8.8	323.74	320	19.2	52	49257	49300	81	80	21	0.444444444	1	9	5/27/2013	20.2	y
50359	hip	hip50359	AIL_RNA3d	16	9.4	311.75	292	20.45	52	49269	49420	82	70	21	0.142857143	1	9	5/28/2013	30.5	y
50374	hip	hip50374	AIL_RNA6b	27	8	377.94	312	31.79	52	49273	48499	83	148	20	NA	0	9	5/28/2013	28.9	y
50377	hip	hip50377	AIL_RNA7b	8	9.3	375.58	287	18.12	52	48442	49096	148	124	21	NA	1	9	5/28/2013	24.6	y
50383	hip	hip50383	AIL_RNA9b	6	8.6	357.84	206	2.93	52	48393	49292	174	83	20	0.571428571	1	9	5/28/2013	26.2	y
50405	hip	hip50405	AIL_RNA3d	20	9	305.42	290	17.64	52	49061	49022	144	150	21	0.166666667	1	9	5/28/2013	23	y
50420	hip	hip50420	AIL_RNA5b	25	8.9	383.49	287	20.4	52	49413	48340	82	176	21	0.454545455	0	9	5/28/2013	28.1	y
50429	hip	hip50429	AIL_RNA4b	1	8.3	294.9	296	24.61	52	48301	49454	182	NA	21	0.555555556	1	9	5/28/2013	20.7	y
50430	hip	hip50430	AIL_RNA8d	8	8.8	245.91	279	23.57	52	49239	49450	89	67	23	0.727272727	0	9	5/28/2013	33	y
50486	hip	hip50486	AIL_RNA7d	25	8.9	345.06	289	13.13	53	49477	50224	111	82	21	0.454545455	0	10	7/15/2013	31.3	y
50500	hip	hip50500	AIL_RNA1	8	8.8	374.89	290	44.9	53	50127	50192	113	84	20	0.714285714	0	10	7/15/2013	27.5	y
50701	hip	hip50701	AIL_RNA7a	13	9.2	283.46	293	20.89	53	49495	50240	111	82	21	0.375	1	10	7/15/2013	24.1	y
50708	hip	hip50708	AIL_RNA6d	16	9.2	329.98	289	18.31	53	50203	50116	81	112	22	0.454545455	0	10	7/15/2013	33.4	y
50723	hip	hip50723	AIL_RNA7a	16	9.1	292.5	287	23.99	53	50219	49500	84	114	20	0.363636364	1	10	7/15/2013	27.6	y
50729	hip	hip50729	AIL_RNA6d	9	9.3	319.2	289	18.23	53	50261	49428	82	113	21	0.692307692	1	10	7/15/2013	20.9	y
50740	hip	hip50740	AIL_RNA3d	11	8.8	344.87	291	25.09	53	50109	50200	115	84	20	0.5	0	10	7/15/2013	31.9	y
50749	hip	hip50749	AIL_RNA7b	2	9	224.48	286	22.62	53	50120	50214	113	85	20	0.285714286	1	10	7/15/2013	22.9	y
50752	hip	hip50752	AIL_RNA6b	18	9	198.31	289	12.16	53	50141	49442	114	115	20	0.833333333	0	10	7/16/2013	37.2	y
50763	hip	hip50763	AIL_RNA7c	7	8.9	253.37	285	5.33	53	50133	50250	114	85	20	0.333333333	1	10	7/16/2013	30	y
50774	hip	hip50774	AIL_RNA5b	14	9.1	282.02	291	7.91	53	49437	50246	115	84	20	0.333333333	0	10	7/16/2013	27.9	y
50778	hip	hip50778	AIL_RNA5b	10	9.2	261.54	282	15.16	53	49465	50236	114	85	19	0.4	0	10	7/16/2013	30.6	y
50793	hip	hip50793	AIL_RNA7c	22	8.9	207.12	302	24.54	53	50301	49496	63	115	20	0.444444444	1	10	7/16/2013	22.7	y
51202	hip	hip51202	AIL_RNA6a	18	9	298.85	285	10.51	53	50179	50318	124	97	20	1	0	11	8/26/2013	29.8	y
51205	hip	hip51205	AIL_RNA5c	19	9	279.43	287	16.87	53	50101	50314	151	96	21	0.8	1	11	8/26/2013	24.5	y
51221	hip	hip51221	AIL_RNA5a	19	9	287.24	288	12.94	53	50271	50170	119	124	22	0.833333333	1	11	8/26/2013	23.7	y
51224	hip	hip51224	AIL_RNA5a	20	9	288.28	262	5.75	53	50409	50144	91	152	21	0.5	0	11	8/26/2013	33.6	y
51240	hip	hip51240	AIL_RNA7b	3	8.9	222.17	284	8.75	53	50113	50388	153	93	20	0.7	0	11	8/26/2013	34.5	y
51254	hip	hip51254	AIL_RNA8c	12	8.4	350.31	287	19.02	53	50415	49488	90	152	22	0.25	0	11	8/27/2013	31.2	y
51258	hip	hip51258	AIL_RNA9c	15	8	396.05	309	11.89	53	50105	50346	155	96	20	0.666666667	0	11	8/27/2013	31	y
51259	hip	hip51259	AIL_RNA6c	14	9.1	289.92	268	2.98	53	50349	50126	96	154	20	0.6	1	11	8/26/2013	21	y
51263	hip	hip51263	AIL_RNA7d	14	8.4	395.93	282	25.88	53	50249	50422	125	92	20	0.25	1	11	8/27/2013	27	y
51281	hip	hip51281	AIL_RNA7d	11	8.5	346.9	288	27.84	53	50231	50204	124	124	21	0.7	1	11	8/27/2013	25.1	y
51294	hip	hip51294	AIL_RNA9c	12	8.5	324.33	202	2.64	53	50389	50138	94	155	20	0.444444444	0	11	8/27/2013	25	y
51307	hip	hip51307	AIL_RNA9b	22	8.1	287.99	276	9.44	53	50209	50270	126	116	31	0	1	11	8/27/2013	17.2	y
51309	hip	hip51309	AIL_RNA9a	3	8.4	307.71	287	12.17	53	50227	50188	133	134	24	0.555555556	0	11	8/27/2013	25.4	y
51335	hip	hip51335	AIL_RNA6b	11	9.4	335.88	280	2.52	53	50169	50356	168	138	20	0.6	1	12	10/7/2013	24.7	y
51335	hip	hip51335	AIL_RNA4c	11	9.4	335.88	280	2.52	53	50169	50356	168	138	20	0.6	1	12	10/7/2013	24.7	y
51346	hip	hip51346	AIL_RNA5d	5	9	336.44	309	1.82	53	50267	50306	165	145	20	0.75	0	12	10/7/2013	40.5	y
51361	hip	hip51361	AIL_RNA3b	22	9.5	169.47	306	22.92	53	50305	50334	145	140	20	0.375	1	12	10/7/2013	21.3	y
51368	hip	hip51368	AIL_RNA9a	2	8.3	303.83	298	25.77	53	50307	50254	140	167	20	0.454545455	0	12	10/7/2013	36.5	y
51375	hip	hip51375	AIL_RNA4d	15	9	292.56	290	4.91	53	50309	50290	140	150	20	0.625	1	12	10/8/2013	23.9	y
51375	hip	hip51375	AIL_RNA5a	15	9	292.56	290	4.91	53	50309	50290	140	150	20	0.625	1	12	10/8/2013	23.9	y
51388	hip	hip51388	AIL_RNA2b	18	8.8	260.91	294	10.46	53	50295	50400	149	135	21	0.6	0	12	10/8/2013	25.2	y
51396	hip	hip51396	AIL_RNA3a	4	9.5	280.09	312	23.56	53	50379	50212	136	168	20	0.333333333	0	12	10/8/2013	35.2	y
51420	hip	hip51420	AIL_RNA8d	2	8.1	346.47	284	6.52	53	50465	50320	120	143	20	0.666666667	0	13	10/25/2013	25.4	y
51604	hip	hip51604	AIL_RNA9b	4	8.6	220.94	283	35.3	53	50313	50332	158	158	22	0.5	0	13	10/25/2013	23.3	y
51616	hip	hip51616	AIL_RNA2b	12	8.8	288.24	293	31.42	53	50381	50426	154	150	20	0.333333333	1	13	10/25/2013	31	y
51621	hip	hip51621	AIL_RNA8c	3	8.7	330.31	293	26.35	53	50357	50442	158	143	21	0.666666667	1	13	10/25/2013	19.7	y
51634	hip	hip51634	AIL_RNA8a	19	8.2	337.61	294	9.12	53	50403	50308	155	166	20	0.75	0	13	10/25/2013	27.9	y
51644	hip	hip51644	AIL_RNA2c	9	8.7	224.03	264	14.63	53	50361	50448	161	145	20	0.555555556	0	13	10/25/2013	34.4	y
51657	hip	hip51657	AIL_RNA2b	14	8.9	269.81	299	32.55	53	50395	50384	160	160	NA	NA	1	13	10/25/2013	21.5	y
51665	hip	hip51665	AIL_RNA2d	6	9.2	305.55	280	30.9	54	51267	49378	89	125	21	0.666666667	1	14	11/26/2013	28.9	y
51683	hip	hip51683	AIL_RNA3b	7	9.3	217.22	300	31.55	54	50733	50726	132	133	21	0.769230769	1	14	11/26/2013	25.1	y
51713	hip	hip51713	AIL_RNA5d	20	9	221.12	301	3.74	54	51215	50730	92	132	21	0.625	1	14	11/26/2013	23	y
51713	hip	hip51713	AIL_RNA4c	20	9	221.12	301	3.74	54	51215	50730	92	132	21	0.625	1	14	11/26/2013	23	y
51734	hip	hip51734	AIL_RNA2d	21	9	202.06	290	2.52	54	51305	50796	83	132	20	0.666666667	0	14	11/28/2013	30	y
51739	hip	hip51739	AIL_RNA4b	11	8.8	249.62	300	32.03	54	51285	51270	90	92	21	0.625	1	14	11/26/2013	21.4	y
51742	hip	hip51742	AIL_RNA5b	12	9	177.19	291	2.52	54	51261	50762	93	132	20	0.5	0	14	11/28/2013	33.4	y
51742	hip	hip51742	AIL_RNA4c	12	9	177.19	291	2.52	54	51261	50762	93	132	20	0.5	0	14	11/28/2013	33.4	y
51759	hip	hip51759	AIL_RNA6b	16	8.8	251.62	295	3.07	54	51287	50480	92	134	21	0.555555556	1	14	11/26/2013	21.1	y
51764	hip	hip51764	AIL_RNA3c	7	9	234.32	299	17.41	54	50077	50714	133	134	21	0.545454545	0	14	11/28/2013	35.7	y
51791	hip	hip51791	AIL_RNA6a	4	8.9	228.89	292	35.72	54	50747	50098	133	126	21	0.6	1	14	11/26/2013	25.1	y
51811	hip	hip51811	AIL_RNA4a	19	8.9	233.77	268	27.55	54	51269	50770	109	150	23	0.642857143	1	14	11/26/2013	20.7	y
51812	hip	hip51812	AIL_RNA3d	15	8.9	213.88	308	14.36	54	51397	51214	94	141	21	0.375	0	15	1/10/2014	35.5	y
51833	hip	hip51833	AIL_RNA5d	4	9.3	217.8	298	1.77	54	50717	51322	180	120	21	0.230769231	1	15	1/10/2014	NA	y
51840	hip	hip51840	AIL_RNA5c	7	8.6	300.36	309	5.91	54	51325	51310	101	135	20	0.5	0	15	1/10/2014	26.7	y
51845	hip	hip51845	AIL_RNA2b	20	9.5	238.58	309	16.47	54	51317	51238	121	141	20	0.4	1	15	1/10/2014	21.9	y
51850	hip	hip51850	AIL_RNA5d	8	8.9	285.52	296	3.68	54	51373	50800	97	175	21	0.75	0	15	1/10/2014	31.1	y
51850	hip	hip51850	AIL_RNA4c	8	8.9	285.52	296	3.68	54	51373	50800	97	175	21	0.75	0	15	1/10/2014	31.1	y
51871	hip	hip51871	AIL_RNA2d	22	9.5	291.04	306	35.69	54	51231	51292	142	140	22	0.6	1	15	1/10/2014	23.9	y
51877	hip	hip51877	AIL_RNA2d	23	9	287.27	283	28.33	54	50495	51340	183	100	21	0.4	1	16	2/10/2014	28.7	y
51878	hip	hip51878	AIL_RNA3c	5	9.2	287.65	304	17	54	50087	51326	181	103	21	0.714285714	0	15	1/10/2014	36	y
51886	hip	hip51886	AIL_RNA3d	5	9.1	276.59	291	32.24	54	51203	51298	145	141	21	1	0	16	2/10/2014	42	y
51897	hip	hip51897	AIL_RNA2a	11	9.1	217.82	287	33.44	54	50079	51296	191	150	22	0.555555556	1	16	2/10/2014	26.8	y
51902	hip	hip51902	AIL_RNA5a	22	9.1	300.83	270	18.39	54	51315	51218	134	154	20	0.6	0	16	2/10/2014	35.2	y
51902	hip	hip51902	AIL_RNA4d	22	9.1	300.83	270	18.39	54	51315	51218	134	154	20	0.6	0	16	2/10/2014	35.2	y
51905	hip	hip51905	AIL_RNA3b	18	8.7	301.52	280	27.12	54	50761	51318	195	136	20	0.333333333	1	16	2/10/2014	26.7	y
51910	hip	hip51910	AIL_RNA3a	6	9	301.92	304	17.56	54	51363	51242	113	155	20	0.833333333	0	16	2/10/2014	33	y
51924	hip	hip51924	AIL_RNA5a	3	8.7	218.16	281	24.58	54	51475	50790	122	207	21	NA	0	16	2/10/2014	30.3	y
51927	hip	hip51927	AIL_RNA5a	27	8.9	306.71	281	24.59	54	51805	50754	67	208	20	0.6	1	16	2/10/2014	25.5	y
51936	hip	hip51936	AIL_RNA2c	15	8.9	294.45	294	27.22	54	51425	50786	127	209	20	0.538461538	0	16	2/10/2014	30.7	y
51959	hip	hip51959	AIL_RNA1	21	8.7	198.85	283	33.61	54	51423	51336	127	126	21	0.363636364	1	16	2/10/2014	19.6	y
51966	hip	hip51966	AIL_RNA3c	25	9.1	291.47	282	28.5	54	50739	51362	208	126	21	0.5	0	16	2/11/2014	31.8	y
51979	hip	hip51979	AIL_RNA5c	2	8.9	272.86	297	14.31	54	51419	51354	126	127	21	0.384615385	1	16	2/11/2014	19.4	y
51979	hip	hip51979	AIL_RNA4d	2	8.9	272.86	297	14.31	54	51419	51354	126	127	21	0.384615385	1	16	2/11/2014	19.4	y
51980	hip	hip51980	AIL_RNA3c	13	9	281.81	271	4.46	54	51391	51606	126	109	20	0.666666667	0	16	2/11/2014	27.7	y
51994	hip	hip51994	AIL_RNA8a	25	9.1	249.45	287	25.08	54	51421	51348	128	128	21	0.3	0	16	2/11/2014	30.3	y
52003	hip	hip52003	AIL_RNA4a	6	8.7	228.99	279	28.83	54	50713	51300	214	169	20	0.125	1	16	2/11/2014	27.2	y
52011	hip	hip52011	AIL_RNA3b	16	9.1	303.13	318	6.26	54	51237	51646	173	107	21	0.75	1	16	2/11/2014	29.2	y
52012	hip	hip52012	AIL_RNA7d	13	8.4	211.84	296	12.3	54	51353	51418	130	127	21	0.6	0	16	2/11/2014	29	y
52022	hip	hip52022	AIL_RNA8b	12	8.8	237.14	277	13.96	54	51653	50724	108	215	21	0.363636364	0	16	2/11/2014	37.3	y
52035	hip	hip52035	AIL_RNA4a	3	9	226.54	288	21.33	54	51347	51610	131	111	21	0.375	1	16	2/11/2014	19.2	y
52036	hip	hip52036	AIL_RNA4b	3	8.6	272.96	283	34.33	54	51625	50782	115	217	20	0.777777778	0	17	3/31/2014	40.9	y
52045	hip	hip52045	AIL_RNA6c	18	9	231.87	284	6.02	54	51659	51452	109	133	20	0.636363636	1	17	3/31/2014	26	y
52053	hip	hip52053	AIL_RNA2a	5	8.7	357.01	293	22.49	54	51393	50720	127	211	NA	NA	1	17	3/31/2014	24.1	y
52058	hip	hip52058	AIL_RNA6a	6	8.9	275.95	285	15.84	54	51341	51366	174	174	21	0.7	0	17	3/31/2014	30.4	y
52059	hip	hip52059	AIL_RNA4c	23	8.7	373.26	291	5.64	54	50769	51394	256	173	21	0.666666667	1	17	3/31/2014	23.1	y
52059	hip	hip52059	AIL_RNA6a	23	8.7	373.26	291	5.64	54	50769	51394	256	173	21	0.666666667	1	17	3/31/2014	23.1	y
52072	hip	hip52072	AIL_RNA6a	27	8.8	297.82	303	21.61	NA	NA	NA	NA	NA	NA	NA	NA	NA	NA	NA	NA
52076	hip	hip52076	AIL_RNA4d	25	8.8	288.43	297	8.37	55	51817	51942	112	82	21	0.222222222	0	18	5/5/2014	36.7	y
52076	hip	hip52076	AIL_RNA6c	25	8.8	288.43	297	8.37	55	51817	51942	112	82	21	0.222222222	0	18	5/5/2014	36.7	y
52077	hip	hip52077	AIL_RNA5d	2	8.9	372.24	287	3.04	55	51769	51912	157	95	21	0.615384615	1	18	5/5/2014	25.9	y
52092	hip	hip52092	AIL_RNA2d	12	9	219.6	282	45.3	55	51885	51952	108	83	20	0.333333333	0	18	5/5/2014	30.4	y
52107	hip	hip52107	AIL_RNA5d	18	9	246.48	292	9.34	55	51809	51766	150	124	20	0.75	1	17	4/1/2014	26	y
52112	hip	hip52112	AIL_RNA7a	25	8.9	318.4	286	4.61	55	51835	51744	121	125	20	0.818181818	0	17	4/1/2014	41.7	y
52131	hip	hip52131	AIL_RNA7b	11	8.8	271.24	302	7.56	NA	NA	NA	NA	NA	NA	NA	NA	NA	NA	NA	NA
52132	hip	hip52132	AIL_RNA9c	1	8.7	226.53	291	17.18	NA	NA	NA	NA	NA	NA	NA	NA	NA	NA	NA	NA
52139	hip	hip52139	AIL_RNA3c	10	8.7	238.43	304	24.57	NA	NA	NA	NA	NA	NA	NA	NA	NA	NA	NA	NA
52145	hip	hip52145	AIL_RNA2c	12	8.7	234.62	283	19.8	54	51337	51802	176	117	21	0.454545455	1	17	3/31/2014	21.2	y
52152	hip	hip52152	AIL_RNA8b	9	8.5	330.07	280	21.53	54	51459	51390	175	176	20	0.363636364	0	17	4/1/2014	35.9	y
52161	hip	hip52161	AIL_RNA5b	21	9	291.3	281	7.15	NA	NA	NA	NA	NA	NA	NA	NA	NA	NA	NA	NA
52162	hip	hip52162	AIL_RNA7a	14	9.2	248.54	302	12.02	NA	NA	NA	NA	NA	NA	NA	NA	NA	NA	NA	NA
52173	hip	hip52173	AIL_RNA9d	1	8.6	251.31	285	24.3	55	51707	51708	168	132	20	0.285714286	1	17	4/1/2014	28	y
52186	hip	hip52186	AIL_RNA6a	1	8.7	223.78	275	18.23	54	51301	51630	168	132	20	0.285714286	0	17	4/1/2014	30.7	y
52193	hip	hip52193	AIL_RNA4b	8	8.9	318.41	282	34.31	55	51943	51758	81	157	21	0.727272727	1	18	5/5/2014	22.5	y
54104	hip	hip54104	AIL_RNA3b	1	9.2	370.04	332	3.86	55	51917	51664	93	163	21	0.125	0	18	5/5/2014	23.5	y
54109	hip	hip54109	AIL_RNA3a	10	8.8	303.41	272	25.32	55	51893	51830	103	113	21	0.125	1	18	5/5/2014	23.7	y
54117	hip	hip54117	AIL_RNA2a	13	8.9	368.19	293	20.21	55	52029	51874	79	111	21	0.545454545	1	18	5/5/2014	20.4	y
54130	hip	hip54130	AIL_RNA9a	27	8.7	287.16	212	7.76	55	51859	51918	112	86	21	0.5	0	18	5/5/2014	34.3	y
54139	hip	hip54139	AIL_RNA7c	19	8.6	261.81	274	16	55	51685	52002	162	80	21	0.5	1	18	5/6/2014	26.3	y
54149	hip	hip54149	AIL_RNA4a	2	9	237.78	290	76.84	55	51777	51932	159	85	21	0.4	1	18	5/6/2014	27.8	y
54158	hip	hip54158	AIL_RNA4a	4	8.8	287.09	280	38.58	55	51733	51908	161	98	20	0.5	0	18	5/6/2014	35.8	y
54169	hip	hip54169	AIL_RNA5b	7	8.8	313.85	283	29.76	55	51749	51938	161	85	21	0.4	1	18	5/6/2014	24	y
54169	hip	hip54169	AIL_RNA4d	7	8.8	313.85	283	29.76	55	51749	51938	161	85	21	0.4	1	18	5/6/2014	24	y
54178	hip	hip54178	AIL_RNA3c	27	9	335.05	310	5.55	55	51903	51754	100	160	21	0.5	0	18	5/6/2014	33	y
54179	hip	hip54179	AIL_RNA4c	10	9	312.41	295	4.28	55	51755	51904	161	100	21	0.6	1	18	5/6/2014	23.5	y
54179	hip	hip54179	AIL_RNA5c	10	9	312.41	295	4.28	55	51755	51904	161	100	21	0.6	1	18	5/6/2014	23.5	y
54186	hip	hip54186	AIL_RNA2c	16	8.7	209.96	294	30.84	55	51691	51990	164	87	21	0.5	0	18	5/6/2014	29.1	y
54187	hip	hip54187	AIL_RNA2a	8	9	253.42	278	16.29	55	51999	51730	85	162	24	0.5	1	18	5/6/2014	30.8	y
54213	hip	hip54213	AIL_RNA7d	2	8.7	311.29	289	24.44	55	51937	521820	125	70	22	0.6	1	19	6/20/2014	29.4	y
54226	hip	hip54226	AIL_RNA4b	5	9.3	368.9	292	4.06	55	52141	51948	74	123	22	0.6	0	19	6/20/2014	33.3	y
54227	hip	hip54227	AIL_RNA7d	12	9.2	308.81	297	4.44	55	52069	51868	76	152	22	0.454545455	1	19	6/20/2014	26.2	y
54243	hip	hip54243	AIL_RNA6d	27	9.4	241.32	299	21.34	55	51925	51856	127	153	21	0.8	1	19	6/20/2014	19.6	y
54244	hip	hip54244	AIL_RNA5a	2	9.3	303.36	285	6.82	55	51967	51872	126	154	20	0.5	0	19	6/20/2014	30.8	y
54244	hip	hip54244	AIL_RNA4c	2	9.3	303.36	285	6.82	55	51967	51872	126	154	20	0.5	0	19	6/20/2014	30.8	y
54257	hip	hip54257	AIL_RNA3d	22	9.3	340.89	289	16.27	55	52051	52008	117	122	20	0.428571429	1	19	6/20/2014	23.7	y
54260	hip	hip54260	AIL_RNA6c	8	9.3	389.7	284	6.37	55	52183	52016	71	122	20	0.583333333	0	19	6/20/2014	32.4	y
54266	hip	hip54266	AIL_RNA6c	11	9.4	249.36	282	7.93	55	51975	52074	126	79	21	0.6	0	19	6/20/2014	27.7	y
54284	hip	hip54284	AIL_RNA2d	1	9.8	270.84	319	37.23	55	52065	52038	79	118	21	0.666666667	0	19	6/20/2014	33.5	y
54289	hip	hip54289	AIL_RNA9a	4	9.4	327.24	275	3	55	52061	51724	80	205	20	0.727272727	1	19	6/20/2014	21.3	y
54299	hip	hip54299	AIL_RNA3c	2	9.6	286.5	310	36.65	55	51849	52046	156	NA	21	0.5	1	19	6/23/2014	32.3	y
54300	hip	hip54300	AIL_RNA8d	5	9.5	289	303	7.47	55	51825	51888	159	156	22	NA	0	19	6/23/2014	34.2	y
54307	hip	hip54307	AIL_RNA3a	5	9.5	315.2	309	33.88	55	52075	51750	82	205	22	NA	1	19	6/23/2014	27.4	y
54323	hip	hip54323	AIL_RNA6c	7	9.4	236.73	293	11.95	55	52151	51678	79	207	22	NA	1	19	6/23/2014	25.7	y
54331	hip	hip54331	AIL_RNA5c	13	9.1	272.49	277	6.68	55	52143	51780	92	219	20	0.8	1	20	7/17/2014	25	y
54332	hip	hip54332	AIL_RNA5a	9	9.2	263.19	292	16.22	55	51931	54191	145	142	22	0.5	0	20	8/4/2014	34	y
54335	hip	hip54335	AIL_RNA6d	5	9.3	303.14	282	14.82	55	52095	51762	174	221	NA	0.363636364	1	20	8/5/2014	21.3	y
54336	hip	hip54336	AIL_RNA6b	23	9.1	244.1	286	16.3	55	51939	52020	145	139	22	0.636363636	0	20	7/18/2014	37.4	y
54353	hip	hip54353	AIL_RNA5c	16	9	256.77	283	12.56	55	51895	52148	167	98	20	0.333333333	1	20	7/24/2014	22.6	y
54359	hip	hip54359	AIL_RNA6c	23	9.1	228.8	296	30.11	55	51827	51740	184	105	20	0.75	1	20	7/28/2014	23.3	y
54360	hip	hip54360	AIL_RNA9b	14	9.2	368.58	292	72.76	55	51973	52006	159	155	20	NA	0	20	7/27/2014	32.4	y
54368	hip	hip54368	AIL_RNA5b	13	9.1	287.77	279	10.68	55	51995	51670	160	238	21	0.333333333	0	20	7/30/2014	23.8	y
54371	hip	hip54371	AIL_RNA6b	6	9.3	242.03	286	25.67	55	52147	51898	112	179	21	0.5	1	20	8/2/2014	21.7	y
54375	hip	hip54375	AIL_RNA9a	5	9.1	296.07	301	15.01	56	52119	52090	133	100	21	0.636363636	1	21	8/26/2014	24.7	y
54384	hip	hip54384	AIL_RNA9b	1	8.9	269.3	280	15.46	56	52189	52170	112	133	20	0.583333333	0	21	8/26/2014	30.6	y
54396	hip	hip54396	AIL_RNA8d	3	9	348.29	284	14.19	56	54103	52098	99	99	20	0.555555556	0	21	8/26/2014	32.9	y
54397	hip	hip54397	AIL_RNA9a	13	9.5	239.77	286	17.21	56	54137	54160	99	98	20	0.461538462	1	21	9/15/2014	21.8	y
54809	hip	hip54809	AIL_RNA9a	6	9	388.92	289	20.08	56	54123	54168	100	99	20	0.454545455	1	21	8/26/2014	22.5	y
54822	hip	hip54822	AIL_RNA8d	4	9	278.64	267	13.85	56	52163	52134	135	137	19	0.5	0	21	8/26/2014	39.2	y
54853	hip	hip54853	AIL_RNA8c	2	8.9	363.36	296	30.9	56	52097	52184	109	111	22	0.636363636	1	21	8/26/2014	20.7	y
54862	hip	hip54862	AIL_RNA9c	8	9.3	444.74	288	7.12	56	54163	54172	108	108	22	0.363636364	0	21	8/26/2014	28.5	y
54864	hip	hip54864	AIL_RNA8b	19	8.9	368.52	288	7.46	56	52091	52114	124	161	21	0.4	0	22	9/15/2014	38	y
54883	hip	hip54883	AIL_RNA9a	16	9.6	258.71	289	29.26	56	54241	52166	83	158	21	0.333333333	1	22	9/15/2014	23.5	y
54884	hip	hip54884	AIL_RNA9a	12	9.1	318.41	302	7.61	56	54231	54192	84	122	21	0.285714286	0	22	9/15/2014	29.6	y
54896	hip	hip54896	AIL_RNA9a	18	9.4	292.67	280	40.07	56	54127	54296	124	81	21	0.571428571	0	22	9/15/2014	37.1	y
56203	hip	hip56203	AIL_RNA8c	10	9.2	288.7	277	19.58	56	54281	54250	81	83	20	0.416666667	1	22	9/15/2014	25	y
56207	hip	hip56207	AIL_RNA8a	20	9	234.28	287	9.43	56	54239	52194	85	155	21	0.6	1	22	9/15/2014	26.9	y
56224	hip	hip56224	AIL_RNA9b	12	9.4	136.39	291	52.04	56	54275	52130	83	162	21	0.777777778	0	22	9/15/2014	24.1	y
56227	hip	hip56227	AIL_RNA9a	15	9.5	185.3	283	45.29	56	54211	54174	87	126	20	0.333333333	1	22	9/15/2014	22.4	y
56237	hip	hip56237	AIL_RNA9a	14	9.2	269.57	277	40.03	56	54151	54228	126	86	21	0.166666667	1	22	9/15/2014	29.9	y
56240	hip	hip56240	AIL_RNA9b	13	9.1	341.28	285	46.15	56	54263	54136	84	126	21	0.888888889	0	22	9/15/2014	30.4	y
56257	hip	hip56257	AIL_RNA8a	21	9.2	283.93	280	17.42	56	54285	54144	82	126	22	0.545454545	1	22	9/15/2014	22.3	y
56268	hip	hip56268	AIL_RNA9c	13	9.2	258.36	286	37.41	56	54143	54268	126	82	22	0.6	0	22	9/15/2014	37.1	y
56273	hip	hip56273	AIL_RNA8c	11	9	262.29	278	15.08	56	54247	54246	86	85	21	0.583333333	1	22	9/15/2014	29.5	y
56276	hip	hip56276	AIL_RNA9a	9	9.2	282.73	287	28.93	56	54247	54246	86	85	21	0.583333333	0	22	9/15/2014	36.3	y
26581	pfc	pfc26581	AIL_RNA3d	10	9.3	190.15	277	19.07	50	45482	45342	119	132	21	0.5	1	2	9/24/2012	30.4	y
26583	pfc	pfc26583	AIL_RNA5a	7	8.8	205.99	278	8.04	50	45484	45352	98	112	19	0.5	0	2	9/24/2012	35.9	y
26592	pfc	pfc26592	AIL_RNA4b	10	9	111.48	276	14.03	50	45457	45438	99	100	21	0.444444444	0	2	9/24/2012	30.8	y
26595	pfc	pfc26595	AIL_RNA4a	9	9	247.14	286	3.88	50	45393	45425	113	98	21	0.6	1	2	9/24/2012	24.8	y
45497	pfc	pfc45497	AIL_RNA3b	11	9.1	183.53	273	20.08	50	45301	45371	104	98	21	0.833333333	1	1	9/10/2012	24.5	y
46004	pfc	pfc46004	AIL_RNA6d	4	8.7	247.36	303	29.18	50	45316	45441	104	83	21	0.888888889	0	1	9/10/2012	28.2	y
46007	pfc	pfc46007	AIL_RNA7d	10	8.6	84.29	278	14.84	50	45323	45465	103	84	21	0.5	0	1	9/10/2012	35.8	y
46008	pfc	pfc46008	AIL_RNA6a	13	8.9	92.01	282	21.41	50	45466	45312	83	105	21	0.444444444	1	1	9/10/2012	21.3	y
46008	pfc	pfc46008	AIL_RNA4d	13	8.9	92.01	282	21.41	50	45466	45312	83	105	21	0.444444444	1	1	9/10/2012	21.3	y
46013	pfc	pfc46013	AIL_RNA7a	5	8.7	135.78	293	11.62	50	45328	45320	103	106	21	0.75	1	1	9/10/2012	26.2	y
46016	pfc	pfc46016	AIL_RNA7b	6	8.7	185.55	289	32.03	50	45385	45314	95	103	21	0.545454545	0	1	9/10/2012	41.5	y
46025	pfc	pfc46025	AIL_RNA9b	25	9.6	239.58	298	10.28	NA	NA	NA	NA	NA	NA	NA	NA	NA	NA	NA	NA
46027	pfc	pfc46027	AIL_RNA8b	4	9.6	291.24	277	22.3	50	45397	45364	95	96	21	0.5	0	1	9/10/2012	29.1	y
46127	pfc	pfc46127	AIL_RNA9c	23	9.3	360.95	272	12.88	50	45389	45384	97	97	21	0.571428571	1	1	9/11/2012	22.2	y
46128	pfc	pfc46128	AIL_RNA3a	23	9.7	238.99	288	5.42	50	45322	45303	106	106	21	0.4	0	2	9/24/2012	43.2	y
46130	pfc	pfc46130	AIL_RNA8d	6	8.4	93.59	298	20.35	50	45311	45447	106	85	21	0.666666667	0	1	9/11/2012	36.7	y
46134	pfc	pfc46134	AIL_RNA8a	13	8.7	273.09	297	29.41	50	45360	45464	98	84	21	0.5	0	1	9/11/2012	34.7	y
46142	pfc	pfc46142	AIL_RNA5a	12	8.9	83.48	284	24.05	50	45398	45488	97	69	21	0.25	0	1	9/11/2012	29.3	y
46142	pfc	pfc46142	AIL_RNA4d	12	8.9	83.48	284	24.05	50	45398	45488	97	69	21	0.25	0	1	9/11/2012	29.3	y
46145	pfc	pfc46145	AIL_RNA6a	21	8.8	174.5	309	6.04	50	45475	45370	97	69	21	0.25	1	1	9/11/2012	24	y
46153	pfc	pfc46153	AIL_RNA9c	2	9.3	292.61	284	14.67	50	45333	45416	104	97	21	0.625	1	1	9/11/2012	23.8	y
46154	pfc	pfc46154	AIL_RNA4c	22	8.8	121.32	296	8.85	50	45334	45339	106	106	21	0.625	0	1	9/11/2012	25.4	y
46154	pfc	pfc46154	AIL_RNA5d	22	8.8	121.32	296	8.85	50	45334	45339	106	106	21	0.625	0	1	9/11/2012	25.4	y
46157	pfc	pfc46157	AIL_RNA3c	15	9.6	157.8	277	11.44	50	45335	45377	108	102	21	0.666666667	1	2	9/24/2012	25.1	y
46307	pfc	pfc46307	AIL_RNA9c	10	8.6	162.51	274	8.13	50	45472	45459	111	114	21	0.454545455	1	3	10/11/2012	21.4	y
46319	pfc	pfc46319	AIL_RNA6c	9	8.8	117.55	289	7.79	50	45478	45351	86	98	21	0.666666667	1	3	10/11/2012	22.4	y
46341	pfc	pfc46341	AIL_RNA3a	20	9.5	123.35	294	33.73	50	45417	45358	111	111	21	0.625	1	2	9/24/2012	20	y
46348	pfc	pfc46348	AIL_RNA3c	19	9.2	150.91	283	26.28	NA	NA	NA	NA	NA	NA	NA	NA	NA	NA	NA	NA
46368	pfc	pfc46368	AIL_RNA1	3	9.2	274.89	289	22.45	50	45356	45326	111	120	21	0.625	0	2	9/24/2012	32.2	y
46372	pfc	pfc46372	AIL_RNA1	2	9.1	285.16	306	19.5	50	45455	45480	100	99	21	0.4	0	2	9/24/2012	36.8	y
46389	pfc	pfc46389	AIL_RNA9b	21	8.5	126.39	308	31.56	NA	NA	NA	NA	NA	NA	NA	NA	NA	NA	NA	NA
46429	pfc	pfc46429	AIL_RNA2c	4	9.1	388.84	289	2.21	50	45476	45330	105	127	21	0.625	1	3	10/10/2012	28.9	y
46434	pfc	pfc46434	AIL_RNA2d	14	9.1	320.85	304	3.91	50	45461	45387	115	124	21	0.538461538	0	3	10/10/2012	26.8	y
46451	pfc	pfc46451	AIL_RNA2c	25	9.1	234.25	289	3.64	50	45373	45423	126	112	21	0.545454545	1	3	10/10/2012	23.7	y
46454	pfc	pfc46454	AIL_RNA2b	7	9.1	357.62	288	13.13	50	45433	45474	112	110	21	0.75	0	3	10/10/2012	40.6	y
46461	pfc	pfc46461	AIL_RNA5b	23	8.9	157.63	273	11.55	50	45448	45345	112	127	21	0.272727273	1	3	10/10/2012	22.3	y
46461	pfc	pfc46461	AIL_RNA4d	23	8.9	157.63	273	11.55	50	45448	45345	112	127	21	0.272727273	1	3	10/10/2012	22.3	y
46474	pfc	pfc46474	AIL_RNA2c	22	9.1	239.3	327	4.51	50	45436	45456	114	112	21	0.545454545	0	3	10/10/2012	30.9	y
46479	pfc	pfc46479	AIL_RNA2a	16	9.1	251.03	291	12.7	50	45428	45395	115	128	21	0.5	1	3	10/10/2012	28.6	y
46482	pfc	pfc46482	AIL_RNA6b	25	8.9	126.08	288	3.75	50	45469	45400	114	128	21	0.7	0	3	10/11/2012	32.1	y
46644	pfc	pfc46644	AIL_RNA7b	25	8.7	83.85	285	11.46	50	45388	45495	130	86	21	0.444444444	0	3	10/11/2012	30.2	y
46672	pfc	pfc46672	AIL_RNA5c	8	8.8	105.1	287	7.19	50	45368	45336	137	143	21	0.444444444	0	2	10/11/2012	28.9	y
48304	pfc	pfc48304	AIL_RNA5a	10	8.8	242.05	284	8.14	51	46080	46170	83	80	24	0.5	0	4	12/6/2012	30.1	y
48305	pfc	pfc48305	AIL_RNA6c	19	8.9	201.89	303	13.71	51	46068	46099	83	83	24	0.5	1	4	12/6/2012	23.2	y
48325	pfc	pfc48325	AIL_RNA3d	14	9	140.44	277	14.49	51	46076	46171	85	82	23	0.428571429	1	4	12/7/2012	22.6	y
48326	pfc	pfc48326	AIL_RNA4c	7	8.9	180.31	290	1.96	51	46083	46163	82	81	25	0.714285714	0	4	12/7/2012	33.9	y
48326	pfc	pfc48326	AIL_RNA7a	7	8.9	180.31	290	1.96	51	46083	46163	82	81	25	0.714285714	0	4	12/7/2012	33.9	y
48345	pfc	pfc48345	AIL_RNA6d	23	8.7	157.57	289	9.56	51	46176	46030	85	86	24	0.6	1	4	12/6/2012	23.6	y
48348	pfc	pfc48348	AIL_RNA6c	13	8.8	153.73	288	11.53	51	46034	46201	86	84	25	0.25	0	4	12/6/2012	28.7	y
48362	pfc	pfc48362	AIL_RNA6b	4	8.9	151.23	282	8.23	51	46120	46179	85	83	26	0.222222222	0	4	12/6/2012	28.9	y
48369	pfc	pfc48369	AIL_RNA5b	11	8.8	157.56	256	2.81	51	46048	46057	85	86	25	0.666666667	1	4	12/6/2012	19.7	y
48383	pfc	pfc48383	AIL_RNA4d	18	8.9	187.79	298	11.67	51	46121	46112	85	84	26	0.333333333	1	4	12/6/2012	22.5	y
48390	pfc	pfc48390	AIL_RNA5a	21	9.1	207.11	292	10.35	51	46079	46217	85	71	26	0.25	0	4	12/7/2012	28.9	y
48395	pfc	pfc48395	AIL_RNA5d	14	8.8	251.56	256	1.36	51	46091	46097	85	84	25	0.454545455	1	4	12/7/2012	25.3	y
48398	pfc	pfc48398	AIL_RNA3d	13	9	194.94	292	7.39	51	46095	46089	87	88	22	0.571428571	0	4	12/7/2012	23	y
48411	pfc	pfc48411	AIL_RNA5d	21	8.9	180.82	285	4.86	51	46104	46087	83	82	28	0.333333333	1	4	12/7/2012	26.7	y
48411	pfc	pfc48411	AIL_RNA4c	21	8.9	180.82	285	4.86	51	46104	46087	83	82	28	0.333333333	1	4	12/7/2012	26.7	y
48412	pfc	pfc48412	AIL_RNA8b	7	9.1	245.37	302	10.91	51	46049	46180	86	85	24	0.583333333	0	4	12/7/2012	29.9	y
48425	pfc	pfc48425	AIL_RNA3d	12	9	222.2	278	6.05	51	46094	46084	93	94	21	0.666666667	1	4	12/7/2012	25	y
48426	pfc	pfc48426	AIL_RNA6c	6	8.9	214.23	297	9.66	51	46175	46218	91	76	23	0.666666667	0	4	12/7/2012	30.1	y
48441	pfc	pfc48441	AIL_RNA6b	15	8.8	211.4	283	16.24	51	46192	46111	105	106	21	0	1	5	1/2/2013	23.8	y
48447	pfc	pfc48447	AIL_RNA9b	23	8.5	150.18	281	27.47	51	46198	46225	105	91	21	0.375	1	5	1/2/2013	21.3	y
48456	pfc	pfc48456	AIL_RNA6b	8	8.9	209.34	295	4.61	51	46208	46074	105	106	21	0.375	0	5	1/2/2013	38.5	y
48464	pfc	pfc48464	AIL_RNA8d	9	8.6	130.79	276	13.49	51	46301	46061	91	107	21	1	0	5	1/2/2013	42.1	y
48477	pfc	pfc48477	AIL_RNA7a	27	8.7	174.88	284	17.25	51	46199	46213	107	107	20	0.5	1	5	1/2/2013	23.8	y
48482	pfc	pfc48482	AIL_RNA4b	9	8.9	201.29	288	2.53	51	46385	46222	92	93	21	0.625	0	5	1/2/2013	33.6	y
48495	pfc	pfc48495	AIL_RNA4b	18	9	178.5	289	19.1	51	46196	46110	106	107	21	0.416666667	1	5	1/3/2013	23.1	y
48496	pfc	pfc48496	AIL_RNA7b	22	8.7	122.37	297	25.88	51	46355	46029	92	107	21	0.666666667	0	5	1/2/2013	30.7	y
49015	pfc	pfc49015	AIL_RNA4a	16	9	186.49	283	6.02	51	46037	46440	109	80	20	0.571428571	1	5	1/3/2013	24.4	y
49016	pfc	pfc49016	AIL_RNA5b	19	9	203.99	274	32.06	51	46303	46197	94	107	20	0.333333333	0	5	1/3/2013	33.8	y
49032	pfc	pfc49032	AIL_RNA4a	15	9	178.2	287	7.14	51	46065	46468	110	81	22	0.222222222	0	5	1/3/2013	33.7	y
49045	pfc	pfc49045	AIL_RNA5b	20	9	171.51	281	26.48	51	46162	46194	106	108	22	0.666666667	1	5	1/3/2013	31.6	y
49048	pfc	pfc49048	AIL_RNA4d	3	9.1	174.8	290	9.42	51	46223	46342	95	95	22	0.6	0	5	1/3/2013	29.2	y
49048	pfc	pfc49048	AIL_RNA6c	3	9.1	174.8	290	9.42	51	46223	46342	95	95	22	0.6	0	5	1/3/2013	29.2	y
49210	pfc	pfc49210	AIL_RNA7b	19	8.7	149.82	282	18.9	51	26578	46500	170	142	20	0.545454545	0	6	2/25/2013	29.6	y
49217	pfc	pfc49217	AIL_RNA7d	5	8.7	148.67	291	5.72	51	46166	46394	171	141	19	0.727272727	1	6	2/25/2013	23.1	y
49231	pfc	pfc49231	AIL_RNA4a	21	9	129.61	279	29.86	51	46195	46456	170	143	20	0.6	1	6	2/25/2013	26.7	y
49240	pfc	pfc49240	AIL_RNA5c	12	8.9	129.48	290	17.4	51	46439	46178	144	171	19	0.5	0	6	2/25/2013	25.7	y
49245	pfc	pfc49245	AIL_RNA4c	13	8.9	183.81	295	4.4	51	46443	46190	145	172	18	0.714285714	1	6	2/25/2013	24.6	y
49245	pfc	pfc49245	AIL_RNA6b	13	8.9	183.81	295	4.4	51	46443	46190	145	172	18	0.714285714	1	6	2/25/2013	24.6	y
49262	pfc	pfc49262	AIL_RNA8a	16	8.8	188.38	279	5.75	51	46391	46181	144	172	18	0.5	0	6	2/26/2013	26.4	y
49267	pfc	pfc49267	AIL_RNA2b	8	9.2	261.8	294	18.01	51	46395	46646	141	138	19	0.5	1	6	2/26/2013	25.4	y
49293	pfc	pfc49293	AIL_RNA4a	22	9	131.4	276	27.04	51	46399	46480	146	144	21	0.7	1	6	2/26/2013	23.6	y
49405	pfc	pfc49405	AIL_RNA4b	16	8.8	171.25	286	3.68	51	46643	46119	141	175	22	0.75	1	6	2/26/2013	22.7	y
49414	pfc	pfc49414	AIL_RNA1	22	9.4	298.39	293	19.47	51	46499	46042	155	184	26	0.545454545	0	7	3/20/2013	27.6	y
49416	pfc	pfc49416	AIL_RNA7a	2	8.7	373.33	295	19.91	51	46463	46302	149	163	19	0.75	0	6	2/26/2013	29	y
49426	pfc	pfc49426	AIL_RNA2a	19	9.4	314.32	286	16.42	51	46032	46390	174	144	18	0.8	1	7	3/20/2013	21	y
49435	pfc	pfc49435	AIL_RNA3a	8	9.1	350.66	292	11.28	52	48359	48350	111	110	22	0.5	1	7	3/20/2013	21.4	y
49452	pfc	pfc49452	AIL_RNA1	25	9.2	291.02	290	14.44	51	46113	46448	195	167	22	0.5	0	7	3/20/2013	41.8	y
49462	pfc	pfc49462	AIL_RNA8d	25	8.4	217.01	288	13.17	52	48415	48430	114	102	20	0.5	0	7	3/20/2013	38.7	y
49471	pfc	pfc49471	AIL_RNA6d	1	8.7	175.68	285	33.01	52	48309	49018	115	89	19	0.555555556	1	7	3/20/2013	23.2	y
49485	pfc	pfc49485	AIL_RNA2a	6	9.2	263.35	295	17.09	52	48336	48462	113	91	20	0.25	1	7	3/20/2013	20.5	y
49490	pfc	pfc49490	AIL_RNA2d	7	9.3	262.58	287	15.88	52	48421	48310	112	115	20	0.461538462	0	7	3/20/2013	21.5	y
49498	pfc	pfc49498	AIL_RNA7d	19	8.6	245.85	307	6.04	52	48339	49046	111	86	22	0.7	0	7	3/20/2013	29.9	y
50076	pfc	pfc50076	AIL_RNA8b	5	9.7	96.2	294	26.6	53	50339	49460	58	115	20	0.625	0	10	7/16/2013	27.8	y
50078	pfc	pfc50078	AIL_RNA9d	7	9.4	57.93	281	1.81	53	49429	50196	116	86	20	0.666666667	0	10	7/16/2013	26.4	y
50099	pfc	pfc50099	AIL_RNA8d	18	9.9	105.14	292	23.9	53	50173	49478	93	121	20	0.666666667	1	10	7/16/2013	20.7	y
50100	pfc	pfc50100	AIL_RNA8b	6	9.6	72.79	296	39.91	53	50177	50136	89	118	23	0.25	0	10	7/16/2013	33.7	y
50107	pfc	pfc50107	AIL_RNA2c	20	9.1	304.45	288	5.09	52	48341	48454	109	89	22	0.625	1	7	3/20/2013	22.1	y
50122	pfc	pfc50122	AIL_RNA5d	12	9.2	333.81	287	0.95	52	48357	47718	111	72	21	0.461538462	0	7	3/20/2013	23.3	y
50131	pfc	pfc50131	AIL_RNA2a	14	9.2	252.86	312	23.71	52	48427	48354	104	111	21	0.727272727	1	7	3/20/2013	17.5	y
50146	pfc	pfc50146	AIL_RNA2d	20	9.4	246.22	311	13.46	52	48429	48334	105	113	20	0.875	0	7	3/20/2013	36.9	y
50147	pfc	pfc50147	AIL_RNA1	27	9.4	290.84	291	22.55	52	48335	48458	121	99	24	0.555555556	1	7	3/20/2013	29.2	y
50153	pfc	pfc50153	AIL_RNA2d	15	9.3	319.06	301	3.44	52	49069	48424	104	139	21	0.571428571	1	8	4/22/2013	23.2	y
50158	pfc	pfc50158	AIL_RNA2c	5	9.5	371.26	303	3.5	52	49053	48318	115	140	21	0.7	0	8	4/22/2013	28.7	y
50168	pfc	pfc50168	AIL_RNA2d	13	9.5	328.83	308	4.04	52	48459	48446	117	118	21	0.3	0	8	4/22/2013	25.5	y
50186	pfc	pfc50186	AIL_RNA6c	20	8.8	210.4	296	9.29	52	48483	49044	118	116	20	0.615384615	0	8	4/22/2013	31.5	y
50195	pfc	pfc50195	AIL_RNA2a	10	9.1	258.92	309	14.25	52	49067	48428	105	133	20	0.5	1	8	4/22/2013	19.9	y
50216	pfc	pfc50216	AIL_RNA3a	9	9.4	259.28	284	5.91	52	49017	48404	117	141	21	0.666666667	0	8	4/22/2013	28.8	y
50217	pfc	pfc50217	AIL_RNA4b	4	9.2	228.18	290	17.5	52	49091	48410	95	141	21	0.8	1	8	4/22/2013	20.3	y
50220	pfc	pfc50220	AIL_RNA3a	12	9.8	183.31	275	14.71	52	49085	48460	96	120	19	0.833333333	0	8	4/22/2013	32.6	y
50223	pfc	pfc50223	AIL_RNA2d	16	9.5	316.36	306	5.88	52	49013	48466	118	119	20	0.428571429	1	8	4/22/2013	23.5	y
50237	pfc	pfc50237	AIL_RNA3b	13	9.6	177.59	267	22.17	52	48437	48422	119	140	22	0.4	1	8	4/22/2013	22.6	y
50255	pfc	pfc50255	AIL_RNA3b	9	9.8	198.62	281	18.16	52	48481	48492	118	117	22	0.8125	1	8	4/22/2013	21	y
50258	pfc	pfc50258	AIL_RNA1	1	9.3	289.47	307	24.97	52	49077	48330	102	142	21	0.454545455	0	8	4/22/2013	28.3	y
50265	pfc	pfc50265	AIL_RNA5d	10	9.6	343.79	292	1.22	52	49037	49082	118	102	20	0.5	1	8	4/22/2013	NA	y
50288	pfc	pfc50288	AIL_RNA6a	3	9.4	229.86	284	11.41	52	48397	49232	158	71	21	0.4	0	9	5/27/2013	35.6	y
50299	pfc	pfc50299	AIL_RNA2a	2	9.1	443.3	297	10.98	52	48485	49066	139	133	21	0.5	1	9	5/27/2013	25.3	y
50311	pfc	pfc50311	AIL_RNA5c	6	9	274.53	275	10.35	52	49275	48498	79	145	21	0.125	1	9	5/27/2013	23.9	y
50322	pfc	pfc50322	AIL_RNA2b	3	9.3	437.45	290	18.77	52	49265	49422	79	76	21	0.555555556	0	9	5/27/2013	32.5	y
50340	pfc	pfc50340	AIL_RNA2c	21	9.3	301.49	290	11.61	52	49253	49014	80	144	21	0.4	0	9	5/27/2013	29.3	y
50348	pfc	pfc50348	AIL_RNA2c	11	9.2	337.84	295	2.18	52	49235	48400	82	166	21	0.285714286	0	9	5/27/2013	38.9	y
50355	pfc	pfc50355	AIL_RNA6d	19	8.8	242.08	295	13.29	52	49257	49300	81	80	21	0.444444444	1	9	5/27/2013	20.2	y
50359	pfc	pfc50359	AIL_RNA5a	8	9	223.67	278	9.06	52	49269	49420	82	70	21	0.142857143	1	9	5/28/2013	30.5	y
50374	pfc	pfc50374	AIL_RNA6b	22	8.9	187.94	278	14.63	52	49273	48499	83	148	20	NA	0	9	5/28/2013	28.9	y
50377	pfc	pfc50377	AIL_RNA7d	16	8.6	192.89	279	14.85	52	48442	49096	148	124	21	NA	1	9	5/28/2013	24.6	y
50383	pfc	pfc50383	AIL_RNA9d	6	9.3	151.62	299	41.93	52	48393	49292	174	83	20	0.571428571	1	9	5/28/2013	26.2	y
50486	pfc	pfc50486	AIL_RNA8a	9	9.1	98.7	274	20.67	53	49477	50224	111	82	21	0.454545455	0	10	7/15/2013	31.3	y
50500	pfc	pfc50500	AIL_RNA8a	10	9.2	147.58	287	10.61	53	50127	50192	113	84	20	0.714285714	0	10	7/15/2013	27.5	y
50708	pfc	pfc50708	AIL_RNA8a	11	9	119.43	274	15.94	53	50203	50116	81	112	22	0.454545455	0	10	7/15/2013	33.4	y
50749	pfc	pfc50749	AIL_RNA7c	18	8.8	113.58	511	14.69	53	50120	50214	113	85	20	0.285714286	1	10	7/15/2013	22.9	y
50752	pfc	pfc50752	AIL_RNA8b	8	9.6	38.81	307	17.6	53	50141	49442	114	115	20	0.833333333	0	10	7/16/2013	37.2	y
50763	pfc	pfc50763	AIL_RNA9c	6	9.2	94.65	261	14.35	53	50133	50250	114	85	20	0.333333333	1	10	7/16/2013	30	y
50774	pfc	pfc50774	AIL_RNA8a	15	9	106.54	291	23.1	53	49437	50246	115	84	20	0.333333333	0	10	7/16/2013	27.9	y
50778	pfc	pfc50778	AIL_RNA6d	3	8.7	90.93	293	33.12	53	49465	50236	114	85	19	0.4	0	10	7/16/2013	30.6	y
50787	pfc	pfc50787	AIL_RNA8b	3	8.8	106.19	274	25.92	53	49489	50142	113	113	20	0.466666667	1	10	7/16/2013	21.6	y
51205	pfc	pfc51205	AIL_RNA8b	2	9.4	88.48	291	31.13	53	50101	50314	151	96	21	0.8	1	11	8/26/2013	24.5	y
51221	pfc	pfc51221	AIL_RNA9d	22	9	169.18	284	27.17	53	50271	50170	119	124	22	0.833333333	1	11	8/26/2013	23.7	y
51224	pfc	pfc51224	AIL_RNA8c	23	9.3	158.25	285	10.58	53	50409	50144	91	152	21	0.5	0	11	8/26/2013	33.6	y
51240	pfc	pfc51240	AIL_RNA8c	27	9.2	133.24	299	22.23	53	50113	50388	153	93	20	0.7	0	11	8/26/2013	34.5	y
51241	pfc	pfc51241	AIL_RNA9d	25	9.4	185.81	291	12.65	53	49463	50362	154	95	20	0.857142857	1	11	8/26/2013	28.2	y
51313	pfc	pfc51313	AIL_RNA2d	19	9.5	246.42	327	2.27	53	50291	50162	126	145	21	0.625	1	12	10/7/2013	25.1	y
51328	pfc	pfc51328	AIL_RNA2d	18	9.7	250.61	304	5.7	53	50213	50394	166	133	20	0.5	0	12	10/7/2013	32	y
51335	pfc	pfc51335	AIL_RNA2a	12	9.6	256.28	298	26.88	53	50169	50356	168	138	20	0.6	1	12	10/7/2013	24.7	y
51346	pfc	pfc51346	AIL_RNA3c	6	9.3	221.48	285	16.67	53	50267	50306	165	145	20	0.75	0	12	10/7/2013	40.5	y
51351	pfc	pfc51351	AIL_RNA3b	2	10	232.24	266	7.98	53	50283	50372	149	136	21	0.777777778	1	12	10/7/2013	23	y
51361	pfc	pfc51361	AIL_RNA2b	5	9.2	268.64	301	25.24	53	50305	50334	145	140	20	0.375	1	12	10/7/2013	21.3	y
51368	pfc	pfc51368	AIL_RNA3c	18	9.6	151.84	293	12.52	53	50307	50254	140	167	20	0.454545455	0	12	10/7/2013	36.5	y
51375	pfc	pfc51375	AIL_RNA2b	6	9.9	362.39	294	7.5	53	50309	50290	140	150	20	0.625	1	12	10/8/2013	23.9	y
51388	pfc	pfc51388	AIL_RNA6a	5	9.6	227.11	300	4.93	53	50295	50400	149	135	21	0.6	0	12	10/8/2013	25.2	y
51396	pfc	pfc51396	AIL_RNA2b	13	9.1	255.9	298	28.63	53	50379	50212	136	168	20	0.333333333	0	12	10/8/2013	35.2	y
51420	pfc	pfc51420	AIL_RNA8d	1	9.1	102.25	315	15.73	53	50465	50320	120	143	20	0.666666667	0	13	10/25/2013	25.4	y
51463	pfc	pfc51463	AIL_RNA3b	14	9.3	171.39	273	11.87	53	50425	50178	NA	NA	NA	0.666666667	1	13	10/25/2013	31.4	y
51603	pfc	pfc51603	AIL_RNA2b	9	10	348.94	287	7.61	53	50373	50218	150	179	21	0.75	1	13	10/25/2013	17.5	y
51604	pfc	pfc51604	AIL_RNA9c	3	9.3	112.19	280	4.01	53	50313	50332	158	158	22	0.5	0	13	10/25/2013	23.3	y
51616	pfc	pfc51616	AIL_RNA1	23	9.8	293.17	283	12.01	53	50381	50426	154	150	20	0.333333333	1	13	10/25/2013	31	y
51621	pfc	pfc51621	AIL_RNA1	4	9.5	271.82	300	21.42	53	50357	50442	158	143	21	0.666666667	1	13	10/25/2013	19.7	y
51634	pfc	pfc51634	AIL_RNA2c	18	9.8	315.66	288	13.16	53	50403	50308	155	166	20	0.75	0	13	10/25/2013	27.9	y
51665	pfc	pfc51665	AIL_RNA9d	18	8.6	151.43	202	7.75	54	51267	49378	89	125	21	0.666666667	1	14	11/26/2013	28.9	y
51666	pfc	pfc51666	AIL_RNA5b	16	8.9	199.24	280	5.83	54	50743	50476	130	131	20	0.5	0	14	11/28/2013	29	y
51682	pfc	pfc51682	AIL_RNA3a	21	9.2	241.21	305	6.21	54	50737	50742	131	131	21	0.6	0	14	11/28/2013	34.6	y
51683	pfc	pfc51683	AIL_RNA3a	25	9	210.13	284	37.39	54	50733	50726	132	133	21	0.769230769	1	14	11/26/2013	25.1	y
51690	pfc	pfc51690	AIL_RNA4a	1	9	131.17	281	5.9	54	50751	50702	132	133	20	0.727272727	0	14	11/28/2013	26.5	y
51699	pfc	pfc51699	AIL_RNA2a	15	9.3	251.29	309	19.95	54	50791	51248	132	93	20	0.444444444	1	14	11/26/2013	20.8	y
51713	pfc	pfc51713	AIL_RNA3b	27	9	249.78	276	31.3	54	51215	50730	92	132	21	0.625	1	14	11/26/2013	23	y
51714	pfc	pfc51714	AIL_RNA5c	25	8.8	225.81	305	15.13	54	51225	50768	91	130	22	0.666666667	0	14	11/28/2013	31.1	y
51734	pfc	pfc51734	AIL_RNA3d	1	9.1	232.59	309	8.15	54	51305	50796	83	132	20	0.666666667	0	14	11/28/2013	30	y
51739	pfc	pfc51739	AIL_RNA3c	22	9	209.45	285	33.57	54	51285	51270	90	92	21	0.625	1	14	11/26/2013	21.4	y
51742	pfc	pfc51742	AIL_RNA4b	14	8.9	197.03	287	13.33	54	51261	50762	93	132	20	0.5	0	14	11/28/2013	33.4	y
51759	pfc	pfc51759	AIL_RNA3c	16	9.4	153.3	280	19.21	54	51287	50480	92	134	21	0.555555556	1	14	11/26/2013	21.1	y
51764	pfc	pfc51764	AIL_RNA5c	15	8.9	128.26	276	23.83	54	50077	50714	133	134	21	0.545454545	0	14	11/28/2013	35.7	y
51767	pfc	pfc51767	AIL_RNA3b	23	9	199.59	288	43.03	54	50725	50088	134	133	21	0.5	1	14	11/26/2013	22.4	y
51774	pfc	pfc51774	AIL_RNA5b	2	9	211.36	284	4.13	54	51273	50084	92	132	21	0.555555556	0	14	11/28/2013	31.5	y
51791	pfc	pfc51791	AIL_RNA3c	21	9.2	121.91	280	31.33	54	50747	50098	133	126	21	0.6	1	14	11/26/2013	25.1	y
51811	pfc	pfc51811	AIL_RNA2b	11	9.2	257.45	283	13.02	54	51269	50770	109	150	23	0.642857143	1	14	11/26/2013	20.7	y
51812	pfc	pfc51812	AIL_RNA7c	12	8.6	160.03	291	14.04	54	51397	51214	94	141	21	0.375	0	15	1/10/2014	35.5	y
51813	pfc	pfc51813	AIL_RNA7c	11	8.6	201.01	329	10.51	54	51323	50718	139	178	22	0.888888889	1	15	1/10/2014	27	y
51833	pfc	pfc51833	AIL_RNA8d	13	8.4	212.74	305	16.1	54	50717	51322	180	120	21	0.230769231	1	15	1/10/2014	NA	y
51840	pfc	pfc51840	AIL_RNA7b	5	8.7	166.28	313	10.01	54	51325	51310	101	135	20	0.5	0	15	1/10/2014	26.7	y
51845	pfc	pfc51845	AIL_RNA7d	1	8.7	126.6	311	4.18	54	51317	51238	121	141	20	0.4	1	15	1/10/2014	21.9	y
51850	pfc	pfc51850	AIL_RNA7a	9	8.7	180.52	277	38.78	54	51373	50800	97	175	21	0.75	0	15	1/10/2014	31.1	y
51871	pfc	pfc51871	AIL_RNA4c	18	8.9	204.28	291	11.31	54	51231	51292	142	140	22	0.6	1	15	1/10/2014	23.9	y
51871	pfc	pfc51871	AIL_RNA5c	18	8.9	204.28	291	11.31	54	51231	51292	142	140	22	0.6	1	15	1/10/2014	23.9	y
51878	pfc	pfc51878	AIL_RNA5c	23	8.8	115.22	291	2.97	54	50087	51326	181	103	21	0.714285714	0	15	1/10/2014	36	y
51886	pfc	pfc51886	AIL_RNA4a	27	9	86.56	276	38.92	54	51203	51298	145	141	21	1	0	16	2/10/2014	42	y
51897	pfc	pfc51897	AIL_RNA4d	27	8.8	145.04	305	13.82	54	50079	51296	191	150	22	0.555555556	1	16	2/10/2014	26.8	y
51897	pfc	pfc51897	AIL_RNA6c	27	8.8	145.04	305	13.82	54	50079	51296	191	150	22	0.555555556	1	16	2/10/2014	26.8	y
51902	pfc	pfc51902	AIL_RNA7d	27	8.7	182.89	305	7.89	54	51315	51218	134	154	20	0.6	0	16	2/10/2014	35.2	y
51924	pfc	pfc51924	AIL_RNA5b	1	8.8	136.13	308	4.43	54	51475	50790	122	207	21	NA	0	16	2/10/2014	30.3	y
51924	pfc	pfc51924	AIL_RNA4c	1	8.8	136.13	308	4.43	54	51475	50790	122	207	21	NA	0	16	2/10/2014	30.3	y
51927	pfc	pfc51927	AIL_RNA6b	14	8.9	132.55	305	6.72	54	51805	50754	67	208	20	0.6	1	16	2/10/2014	25.5	y
51936	pfc	pfc51936	AIL_RNA3d	3	9	169.69	284	2.6	54	51425	50786	127	209	20	0.538461538	0	16	2/10/2014	30.7	y
51949	pfc	pfc51949	AIL_RNA3d	7	9.3	216.82	277	7.06	54	51385	51208	NA	170	21	0.5	1	16	2/10/2014	20.2	y
51959	pfc	pfc51959	AIL_RNA9d	3	9.1	105.94	289	2.66	54	51423	51336	127	126	21	0.363636364	1	16	2/10/2014	19.6	y
51979	pfc	pfc51979	AIL_RNA5c	27	8.9	52.65	302	14.88	54	51419	51354	126	127	21	0.384615385	1	16	2/11/2014	19.4	y
51994	pfc	pfc51994	AIL_RNA9d	20	8.3	103.94	302	33.51	54	51421	51348	128	128	21	0.3	0	16	2/11/2014	30.3	y
52003	pfc	pfc52003	AIL_RNA9b	18	8.3	114.97	292	25.41	54	50713	51300	214	169	20	0.125	1	16	2/11/2014	27.2	y
52012	pfc	pfc52012	AIL_RNA3b	25	9	148.1	277	37.87	54	51353	51418	130	127	21	0.6	0	16	2/11/2014	29	y
52022	pfc	pfc52022	AIL_RNA4b	23	9	75.25	286	39.04	54	51653	50724	108	215	21	0.363636364	0	16	2/11/2014	37.3	y
52036	pfc	pfc52036	AIL_RNA5a	4	9.1	99.1	319	5.5	54	51625	50782	115	217	20	0.777777778	0	17	3/31/2014	40.9	y
52036	pfc	pfc52036	AIL_RNA4d	4	9.1	99.1	319	5.5	54	51625	50782	115	217	20	0.777777778	0	17	3/31/2014	40.9	y
52045	pfc	pfc52045	AIL_RNA8c	7	8.6	145.87	205	4.86	54	51659	51452	109	133	20	0.636363636	1	17	3/31/2014	26	y
52053	pfc	pfc52053	AIL_RNA6a	20	8.8	95.32	282	15.76	54	51393	50720	127	211	NA	NA	1	17	3/31/2014	24.1	y
52058	pfc	pfc52058	AIL_RNA7c	8	8.6	142.99	276	9.24	54	51341	51366	174	174	21	0.7	0	17	3/31/2014	30.4	y
52059	pfc	pfc52059	AIL_RNA8d	14	8.4	86.25	280	26.09	54	50769	51394	256	173	21	0.666666667	1	17	3/31/2014	23.1	y
52072	pfc	pfc52072	AIL_RNA6d	21	8.7	85.98	288	12.14	NA	NA	NA	NA	NA	NA	NA	NA	NA	NA	NA	NA
52077	pfc	pfc52077	AIL_RNA7d	20	8.6	151.61	299	7.64	55	51769	51912	157	95	21	0.615384615	1	18	5/5/2014	25.9	y
52092	pfc	pfc52092	AIL_RNA7a	15	8.8	226.97	298	6.41	55	51885	51952	108	83	20	0.333333333	0	18	5/5/2014	30.4	y
52139	pfc	pfc52139	AIL_RNA6d	22	8.7	138.85	281	33.42	NA	NA	NA	NA	NA	NA	NA	NA	NA	NA	NA	NA
52145	pfc	pfc52145	AIL_RNA7a	23	8.7	89.18	281	18.1	54	51337	51802	176	117	21	0.454545455	1	17	3/31/2014	21.2	y
52152	pfc	pfc52152	AIL_RNA5a	11	9.2	119.11	285	17.48	54	51459	51390	175	176	20	0.363636364	0	17	4/1/2014	35.9	y
52152	pfc	pfc52152	AIL_RNA4d	11	9.2	119.11	285	17.48	54	51459	51390	175	176	20	0.363636364	0	17	4/1/2014	35.9	y
52173	pfc	pfc52173	AIL_RNA5a	1	8.9	90.39	280	7.99	55	51707	51708	168	132	20	0.285714286	1	17	4/1/2014	28	y
52193	pfc	pfc52193	AIL_RNA7d	6	8.6	185.99	287	23.59	55	51943	51758	81	157	21	0.727272727	1	18	5/5/2014	22.5	y
54104	pfc	pfc54104	AIL_RNA3a	27	9	232.96	280	2.52	55	51917	51664	93	163	21	0.125	0	18	5/5/2014	23.5	y
54109	pfc	pfc54109	AIL_RNA7c	25	8.6	130.85	281	12.31	55	51893	51830	103	113	21	0.125	1	18	5/5/2014	23.7	y
54117	pfc	pfc54117	AIL_RNA6c	22	8.7	117.36	291	9.65	55	52029	51874	79	111	21	0.545454545	1	18	5/5/2014	20.4	y
54130	pfc	pfc54130	AIL_RNA7a	21	8.7	116.33	256	6.54	55	51859	51918	112	86	21	0.5	0	18	5/5/2014	34.3	y
54149	pfc	pfc54149	AIL_RNA9b	2	8.5	52.46	279	32.45	55	51777	51932	159	85	21	0.4	1	18	5/6/2014	27.8	y
54179	pfc	pfc54179	AIL_RNA9b	19	9.7	64.47	274	45.77	55	51755	51904	161	100	21	0.6	1	18	5/6/2014	23.5	y
54187	pfc	pfc54187	AIL_RNA6a	9	8.8	172.3	284	10.09	55	51999	51730	85	162	24	0.5	1	18	5/6/2014	30.8	y
54226	pfc	pfc54226	AIL_RNA9d	27	8.4	105.04	305	20.46	55	52141	51948	74	123	22	0.6	0	19	6/20/2014	33.3	y
54227	pfc	pfc54227	AIL_RNA6b	21	8.9	157.87	281	7.46	55	52069	51868	76	152	22	0.454545455	1	19	6/20/2014	26.2	y
54243	pfc	pfc54243	AIL_RNA7c	5	8.5	149.62	269	11.96	55	51925	51856	127	153	21	0.8	1	19	6/20/2014	19.6	y
54244	pfc	pfc54244	AIL_RNA5d	27	8.8	113.5	285	12.34	55	51967	51872	126	154	20	0.5	0	19	6/20/2014	30.8	y
54244	pfc	pfc54244	AIL_RNA4c	27	8.8	113.5	285	12.34	55	51967	51872	126	154	20	0.5	0	19	6/20/2014	30.8	y
54257	pfc	pfc54257	AIL_RNA4a	5	9	82.57	290	14.89	55	52051	52008	117	122	20	0.428571429	1	19	6/20/2014	23.7	y
54260	pfc	pfc54260	AIL_RNA3c	8	9.5	213.41	292	17.28	55	52183	52016	71	122	20	0.583333333	0	19	6/20/2014	32.4	y
54266	pfc	pfc54266	AIL_RNA9c	9	8.6	97.57	270	21.53	55	51975	52074	126	79	21	0.6	0	19	6/20/2014	27.7	y
54284	pfc	pfc54284	AIL_RNA7c	4	8.5	114.99	271	13.67	55	52065	52038	79	118	21	0.666666667	0	19	6/20/2014	33.5	y
54289	pfc	pfc54289	AIL_RNA6d	8	8.7	150.38	283	32.3	55	52061	51724	80	205	20	0.727272727	1	19	6/20/2014	21.3	y
54300	pfc	pfc54300	AIL_RNA7c	1	8.5	95.98	278	15.05	55	51825	51888	159	156	22	NA	0	19	6/23/2014	34.2	y
54307	pfc	pfc54307	AIL_RNA7b	21	8.7	114.15	304	9.32	55	52075	51750	82	205	22	NA	1	19	6/23/2014	27.4	y
54331	pfc	pfc54331	AIL_RNA3d	4	9	108.56	282	6.1	55	52143	51780	92	219	20	0.8	1	20	7/17/2014	25	y
54332	pfc	pfc54332	AIL_RNA5d	19	8.9	178.97	278	8.04	55	51931	54191	145	142	22	0.5	0	20	8/4/2014	34	y
54332	pfc	pfc54332	AIL_RNA4c	19	8.9	178.97	278	8.04	55	51931	54191	145	142	22	0.5	0	20	8/4/2014	34	y
54336	pfc	pfc54336	AIL_RNA4b	20	8.9	293.36	287	4.76	55	51939	52020	145	139	22	0.636363636	0	20	7/18/2014	37.4	y
54353	pfc	pfc54353	AIL_RNA6a	16	8.8	109.52	293	10.17	55	51895	52148	167	98	20	0.333333333	1	20	7/24/2014	22.6	y
54359	pfc	pfc54359	AIL_RNA7b	4	8.7	117.37	298	24.95	55	51827	51740	184	105	20	0.75	1	20	7/28/2014	23.3	y
54360	pfc	pfc54360	AIL_RNA5d	25	8.8	148.57	298	2.68	55	51973	52006	159	155	20	NA	0	20	7/27/2014	32.4	y
54368	pfc	pfc54368	AIL_RNA7b	15	8.8	166.3	300	6.02	55	51995	51670	160	238	21	0.333333333	0	20	7/30/2014	23.8	y
54396	pfc	pfc54396	AIL_RNA6a	19	8.8	198.5	277	23	56	54103	52098	99	99	20	0.555555556	0	21	8/26/2014	32.9	y
54397	pfc	pfc54397	AIL_RNA8a	14	8.8	78.63	305	20.81	56	54137	54160	99	98	20	0.461538462	1	21	9/15/2014	21.8	y
54822	pfc	pfc54822	AIL_RNA5b	18	8.8	178.15	260	5.34	56	52163	52134	135	137	19	0.5	0	21	8/26/2014	39.2	y
54864	pfc	pfc54864	AIL_RNA8b	1	9.7	127.71	295	9.76	56	52091	52114	124	161	21	0.4	0	22	9/15/2014	38	y
54871	pfc	pfc54871	AIL_RNA9c	4	9.8	45.55	332	27.01	56	52129	52094	157	122	24	0.571428571	1	22	9/15/2014	22.3	y
54884	pfc	pfc54884	AIL_RNA8c	20	9	92.65	272	22.63	56	54231	54192	84	122	21	0.285714286	0	22	9/15/2014	29.6	y
56207	pfc	pfc56207	AIL_RNA8c	22	9.4	72.5	287	14.76	56	54239	52194	85	155	21	0.6	1	22	9/15/2014	26.9	y
56224	pfc	pfc56224	AIL_RNA8c	25	9.8	93.19	280	13.06	56	54275	52130	83	162	21	0.777777778	0	22	9/15/2014	24.1	y
56227	pfc	pfc56227	AIL_RNA9d	19	9.3	37.54	284	26.27	56	54211	54174	87	126	20	0.333333333	1	22	9/15/2014	22.4	y
56237	pfc	pfc56237	AIL_RNA9b	27	9.8	64.67	318	28.43	56	54151	54228	126	86	21	0.166666667	1	22	9/15/2014	29.9	y
56240	pfc	pfc56240	AIL_RNA8c	13	8.7	119.93	275	8.2	56	54263	54136	84	126	21	0.888888889	0	22	9/15/2014	30.4	y
56257	pfc	pfc56257	AIL_RNA8a	12	9.5	95.24	267	21.99	56	54285	54144	82	126	22	0.545454545	1	22	9/15/2014	22.3	y
56273	pfc	pfc56273	AIL_RNA8d	23	9.2	73.25	278	17	56	54247	54246	86	85	21	0.583333333	1	22	9/15/2014	29.5	y
56276	pfc	pfc56276	AIL_RNA8c	21	9.1	98.88	277	15.82	56	54247	54246	86	85	21	0.583333333	0	22	9/15/2014	36.3	y
46130	pfc	pfc46130	AIL_RNA9b	25	9.6	239.58	298	10.28	51	46034	46201	86	84	25	0.25	0	4	NA	28.7	y
26581	str	str26581	AIL_RNA6b	2	8.6	72.23	275	2.26	50	45482	45342	119	132	21	0.5	1	2	9/24/2012	30.4	y
26583	str	str26583	AIL_RNA4b	7	8.9	115.1	277	14.62	50	45484	45352	98	112	19	0.5	0	2	9/24/2012	35.9	y
26592	str	str26592	AIL_RNA3a	7	9.4	149.52	300	11.34	50	45457	45438	99	100	21	0.444444444	0	2	9/24/2012	30.8	y
26595	str	str26595	AIL_RNA4a	12	8.7	83.93	282	8.1	50	45393	45425	113	98	21	0.6	1	2	9/24/2012	24.8	y
45497	str	str45497	AIL_RNA8b	11	8	170.29	284	20.22	50	45301	45371	104	98	21	0.833333333	1	1	9/10/2012	24.5	y
46007	str	str46007	AIL_RNA7a	6	8.1	48.6	287	11.02	50	45323	45465	103	84	21	0.5	0	1	9/10/2012	35.8	y
46127	str	str46127	AIL_RNA2d	8	9.4	134.29	303	31.86	50	45389	45384	97	97	21	0.571428571	1	1	9/11/2012	22.2	y
46128	str	str46128	AIL_RNA2d	9	9.4	101.52	304	19.76	50	45322	45303	106	106	21	0.4	0	2	9/24/2012	43.2	y
46128	str	str46128	AIL_RNA6b	9	9.4	101.52	304	19.76	50	45322	45303	106	106	21	0.4	0	2	9/24/2012	43.2	y
46130	str	str46130	AIL_RNA6a	8	8.9	109	268	28.38	50	45311	45447	106	85	21	0.666666667	0	1	9/11/2012	36.7	y
46130	str	str46130	AIL_RNA4d	8	8.9	109	268	28.38	50	45311	45447	106	85	21	0.666666667	0	1	9/11/2012	36.7	y
46134	str	str46134	AIL_RNA3d	27	9	81.3	278	30.24	50	45360	45464	98	84	21	0.5	0	1	9/11/2012	34.7	y
46145	str	str46145	AIL_RNA2c	7	9.2	152.2	289	32.74	50	45475	45370	97	69	21	0.25	1	1	9/11/2012	24	y
46153	str	str46153	AIL_RNA4a	13	8.7	69.34	285	1.85	50	45333	45416	104	97	21	0.625	1	1	9/11/2012	23.8	y
46157	str	str46157	AIL_RNA4a	18	8.6	198.53	286	4.83	50	45335	45377	108	102	21	0.666666667	1	2	9/24/2012	25.1	y
46319	str	str46319	AIL_RNA7c	14	8	67.39	289	35.25	50	45478	45351	86	98	21	0.666666667	1	3	10/11/2012	22.4	y
46341	str	str46341	AIL_RNA2a	23	9.6	106.35	291	32.67	50	45417	45358	111	111	21	0.625	1	2	9/24/2012	20	y
46368	str	str46368	AIL_RNA6a	2	8.8	57.45	276	13.19	50	45356	45326	111	120	21	0.625	0	2	9/24/2012	32.2	y
46372	str	str46372	AIL_RNA1	13	9.1	261.14	295	53	50	45455	45480	100	99	21	0.4	0	2	9/24/2012	36.8	y
46389	str	str46389	AIL_RNA8c	15	8	66.03	305	43.23	NA	NA	NA	NA	NA	NA	NA	NA	NA	NA	NA	NA
46429	str	str46429	AIL_RNA2b	2	9.3	151.34	300	33.28	50	45476	45330	105	127	21	0.625	1	3	10/10/2012	28.9	y
46434	str	str46434	AIL_RNA5d	9	10	161.13	284	1.73	50	45461	45387	115	124	21	0.538461538	0	3	10/10/2012	26.8	y
46451	str	str46451	AIL_RNA3a	14	9.3	96.59	302	13.05	50	45373	45423	126	112	21	0.545454545	1	3	10/10/2012	23.7	y
46454	str	str46454	AIL_RNA1	14	9.1	164.84	298	49.61	50	45433	45474	112	110	21	0.75	0	3	10/10/2012	40.6	y
46461	str	str46461	AIL_RNA2d	3	9.5	193.81	280	35.31	50	45448	45345	112	127	21	0.272727273	1	3	10/10/2012	22.3	y
46474	str	str46474	AIL_RNA3a	13	8.9	90.76	283	17.34	50	45436	45456	114	112	21	0.545454545	0	3	10/10/2012	30.9	y
46479	str	str46479	AIL_RNA7a	22	8.4	75.91	275	20.46	50	45428	45395	115	128	21	0.5	1	3	10/10/2012	28.6	y
46482	str	str46482	AIL_RNA2a	18	9.2	65.74	302	31.02	50	45469	45400	114	128	21	0.7	0	3	10/11/2012	32.1	y
48311	str	str48311	AIL_RNA1	15	9.1	110.94	296	42.78	51	46033	46117	85	85	22	0.5	1	4	12/6/2012	28	y
48316	str	str48316	AIL_RNA5b	9	8.7	88.72	272	12.64	51	46186	46164	83	83	22	0.666666667	0	4	12/6/2012	37.7	y
48316	str	str48316	AIL_RNA4d	9	8.7	88.72	272	12.64	51	46186	46164	83	83	22	0.666666667	0	4	12/6/2012	37.7	y
48325	str	str48325	AIL_RNA4d	19	8.9	55.14	283	30.59	51	46076	46171	85	82	23	0.428571429	1	4	12/7/2012	22.6	y
48325	str	str48325	AIL_RNA6b	19	8.9	55.14	283	30.59	51	46076	46171	85	82	23	0.428571429	1	4	12/7/2012	22.6	y
48326	str	str48326	AIL_RNA7d	9	8.3	44.85	289	17.64	51	46083	46163	82	81	25	0.714285714	0	4	12/7/2012	33.9	y
48345	str	str48345	AIL_RNA4d	1	8.8	70.76	277	23.8	51	46176	46030	85	86	24	0.6	1	4	12/6/2012	23.6	y
48345	str	str48345	AIL_RNA6b	1	8.8	70.76	277	23.8	51	46176	46030	85	86	24	0.6	1	4	12/6/2012	23.6	y
48348	str	str48348	AIL_RNA4b	27	8.8	77.11	280	29.21	51	46034	46201	86	84	25	0.25	0	4	12/6/2012	28.7	y
48369	str	str48369	AIL_RNA1	16	9.1	83.15	298	45.64	51	46048	46057	85	86	25	0.666666667	1	4	12/6/2012	19.7	y
48383	str	str48383	AIL_RNA2b	19	9.2	64.19	288	32.62	51	46121	46112	85	84	26	0.333333333	1	4	12/6/2012	22.5	y
48390	str	str48390	AIL_RNA5d	15	8.7	60.23	286	6.81	51	46079	46217	85	71	26	0.25	0	4	12/7/2012	28.9	y
48395	str	str48395	AIL_RNA5d	13	8.3	85.53	278	3.24	51	46091	46097	85	84	25	0.454545455	1	4	12/7/2012	25.3	y
48398	str	str48398	AIL_RNA2c	3	9.3	127.82	294	33.14	51	46095	46089	87	88	22	0.571428571	0	4	12/7/2012	23	y
48411	str	str48411	AIL_RNA8a	8	8.9	42.73	309	15.86	51	46104	46087	83	82	28	0.333333333	1	4	12/7/2012	26.7	y
48412	str	str48412	AIL_RNA7a	20	8.4	86.88	259	6.72	51	46049	46180	86	85	24	0.583333333	0	4	12/7/2012	29.9	y
48425	str	str48425	AIL_RNA6c	4	8.6	62.68	275	2.09	51	46094	46084	93	94	21	0.666666667	1	4	12/7/2012	25	y
48426	str	str48426	AIL_RNA2a	20	9.2	53.37	301	36.75	51	46175	46218	91	76	23	0.666666667	0	4	12/7/2012	30.1	y
48441	str	str48441	AIL_RNA2b	27	9.1	140.77	289	35.41	51	46192	46111	105	106	21	0	1	5	1/2/2013	23.8	y
48447	str	str48447	AIL_RNA4a	7	8.7	94.01	281	11.08	51	46198	46225	105	91	21	0.375	1	5	1/2/2013	21.3	y
48456	str	str48456	AIL_RNA4a	8	8.7	89.02	279	32.18	51	46208	46074	105	106	21	0.375	0	5	1/2/2013	38.5	y
48477	str	str48477	AIL_RNA3d	23	8.8	86.39	288	32.03	51	46199	46213	107	107	20	0.5	1	5	1/2/2013	23.8	y
48496	str	str48496	AIL_RNA4a	11	8.7	86.42	282	2.27	51	46355	46029	92	107	21	0.666666667	0	5	1/2/2013	30.7	y
49016	str	str49016	AIL_RNA8c	16	8	75	295	36.24	51	46303	46197	94	107	20	0.333333333	0	5	1/3/2013	33.8	y
49025	str	str49025	AIL_RNA3c	3	9	68.76	280	18.88	51	46216	46066	96	110	22	0.333333333	1	5	1/3/2013	22.5	y
49032	str	str49032	AIL_RNA8d	21	8.2	94.04	280	30.66	51	46065	46468	110	81	22	0.222222222	0	5	1/3/2013	33.7	y
49045	str	str49045	AIL_RNA8c	19	8.6	168.93	287	11.08	51	46162	46194	106	108	22	0.666666667	1	5	1/3/2013	31.6	y
49048	str	str49048	AIL_RNA3d	18	8.9	57.13	277	34.59	51	46223	46342	95	95	22	0.6	0	5	1/3/2013	29.2	y
49217	str	str49217	AIL_RNA5b	27	8.6	85.13	279	4.73	51	46166	46394	171	141	19	0.727272727	1	6	2/25/2013	23.1	y
49231	str	str49231	AIL_RNA7c	2	8.1	29.65	317	22.51	51	46195	46456	170	143	20	0.6	1	6	2/25/2013	26.7	y
49240	str	str49240	AIL_RNA6a	14	8.3	65.46	272	9.81	51	46439	46178	144	171	19	0.5	0	6	2/25/2013	25.7	y
49245	str	str49245	AIL_RNA7b	18	8.2	79.97	277	24.94	51	46443	46190	145	172	18	0.714285714	1	6	2/25/2013	24.6	y
49262	str	str49262	AIL_RNA2b	1	9.1	218.42	295	32.56	51	46391	46181	144	172	18	0.5	0	6	2/26/2013	26.4	y
49267	str	str49267	AIL_RNA7c	13	8.1	61.44	280	17.07	51	46395	46646	141	138	19	0.5	1	6	2/26/2013	25.4	y
49274	str	str49274	AIL_RNA2c	23	9.1	62.92	289	35.78	51	46481	46432	141	148	19	0.538461538	0	6	2/26/2013	34.6	y
49286	str	str49286	AIL_RNA7a	19	8.4	103.91	276	16.12	51	46475	46488	145	143	22	0.333333333	0	6	2/26/2013	29.5	y
49293	str	str49293	AIL_RNA8d	16	8	66.43	275	34.52	51	46399	46480	146	144	21	0.7	1	6	2/26/2013	23.6	y
49405	str	str49405	AIL_RNA5a	6	8.6	60.06	276	5.96	51	46643	46119	141	175	22	0.75	1	6	2/26/2013	22.7	y
49414	str	str49414	AIL_RNA5c	4	8.8	55.46	292	13.15	51	46499	46042	155	184	26	0.545454545	0	7	3/20/2013	27.6	y
49416	str	str49416	AIL_RNA3a	22	8.8	90.19	280	29.53	51	46463	46302	149	163	19	0.75	0	6	2/26/2013	29	y
49426	str	str49426	AIL_RNA9d	5	8.4	37.36	281	37.6	51	46032	46390	174	144	18	0.8	1	7	3/20/2013	21	y
49432	str	str49432	AIL_RNA5c	1	8.6	80.65	269	3.58	52	48333	48448	113	89	21	0.5	0	7	3/20/2013	30.6	y
49435	str	str49435	AIL_RNA5a	14	8.5	72.52	276	5.96	52	48359	48350	111	110	22	0.5	1	7	3/20/2013	21.4	y
49452	str	str49452	AIL_RNA7b	13	8.4	47.18	288	27.79	51	46113	46448	195	167	22	0.5	0	7	3/20/2013	41.8	y
49453	str	str49453	AIL_RNA2b	25	9.1	73.4	297	34.21	51	46459	46484	167	163	22	0.333333333	1	7	3/20/2013	26.2	y
49471	str	str49471	AIL_RNA3a	16	8.9	72.06	274	32.74	52	48309	49018	115	89	19	0.555555556	1	7	3/20/2013	23.2	y
49485	str	str49485	AIL_RNA9c	7	8.7	60.3	290	43.83	52	48336	48462	113	91	20	0.25	1	7	3/20/2013	20.5	y
49490	str	str49490	AIL_RNA2c	2	9.1	127.94	292	37.39	52	48421	48310	112	115	20	0.461538462	0	7	3/20/2013	21.5	y
49498	str	str49498	AIL_RNA3b	4	9.1	99.64	291	36.29	52	48339	49046	111	86	22	0.7	0	7	3/20/2013	29.9	y
50076	str	str50076	AIL_RNA6d	25	8.8	35.18	281	20.84	53	50339	49460	58	115	20	0.625	0	10	7/16/2013	27.8	y
50078	str	str50078	AIL_RNA2a	25	9.5	103	290	35.37	53	49429	50196	116	86	20	0.666666667	0	10	7/16/2013	26.4	y
50095	str	str50095	AIL_RNA2c	27	9.5	63.27	293	37.89	53	50199	50130	85	115	21	0.538461538	1	10	7/16/2013	24.5	y
50099	str	str50099	AIL_RNA7b	1	8.9	29.58	301	27.17	53	50173	49478	93	121	20	0.666666667	1	10	7/16/2013	20.7	y
50100	str	str50100	AIL_RNA8a	7	9.1	20.6	297	39.55	53	50177	50136	89	118	23	0.25	0	10	7/16/2013	33.7	y
50107	str	str50107	AIL_RNA5a	13	8.5	72.66	282	31.74	52	48341	48454	109	89	22	0.625	1	7	3/20/2013	22.1	y
50122	str	str50122	AIL_RNA2b	16	9	71.17	290	35.98	52	48357	47718	111	72	21	0.461538462	0	7	3/20/2013	23.3	y
50131	str	str50131	AIL_RNA2a	21	9.2	51.21	291	36.52	52	48427	48354	104	111	21	0.727272727	1	7	3/20/2013	17.5	y
50146	str	str50146	AIL_RNA2a	7	9.1	76.18	293	37.11	52	48429	48334	105	113	20	0.875	0	7	3/20/2013	36.9	y
50153	str	str50153	AIL_RNA7c	3	8.9	46.27	293	31.31	52	49069	48424	104	139	21	0.571428571	1	8	4/22/2013	23.2	y
50158	str	str50158	AIL_RNA4c	25	9	81.52	281	27.71	52	49053	48318	115	140	21	0.7	0	8	4/22/2013	28.7	y
50158	str	str50158	AIL_RNA5a	25	9	81.52	281	27.71	52	49053	48318	115	140	21	0.7	0	8	4/22/2013	28.7	y
50168	str	str50168	AIL_RNA3c	23	9	94.61	283	15.38	52	48459	48446	117	118	21	0.3	0	8	4/22/2013	25.5	y
50186	str	str50186	AIL_RNA2b	21	9.6	92.26	296	34.61	52	48483	49044	118	116	20	0.615384615	0	8	4/22/2013	31.5	y
50195	str	str50195	AIL_RNA3d	2	9	79	279	35.85	52	49067	48428	105	133	20	0.5	1	8	4/22/2013	19.9	y
50216	str	str50216	AIL_RNA2c	8	9.2	91.96	293	32.48	52	49017	48404	117	141	21	0.666666667	0	8	4/22/2013	28.8	y
50217	str	str50217	AIL_RNA1	9	9.2	109	292	29.9	52	49091	48410	95	141	21	0.8	1	8	4/22/2013	20.3	y
50220	str	str50220	AIL_RNA3c	14	8.9	89.95	280	32.06	52	49085	48460	96	120	19	0.833333333	0	8	4/22/2013	32.6	y
50223	str	str50223	AIL_RNA2c	1	9.5	110.79	335	34.94	52	49013	48466	118	119	20	0.428571429	1	8	4/22/2013	23.5	y
50237	str	str50237	AIL_RNA3d	19	9.3	70.18	283	31.87	52	48437	48422	119	140	22	0.4	1	8	4/22/2013	22.6	y
50255	str	str50255	AIL_RNA2a	4	9.3	189.52	300	32.92	52	48481	48492	118	117	22	0.8125	1	8	4/22/2013	21	y
50258	str	str50258	AIL_RNA2d	10	9.4	86.31	302	14.72	52	49077	48330	102	142	21	0.454545455	0	8	4/22/2013	28.3	y
50265	str	str50265	AIL_RNA1	10	9.2	152.16	295	31	52	49037	49082	118	102	20	0.5	1	8	4/22/2013	NA	y
50299	str	str50299	AIL_RNA3b	8	9.1	114.07	290	39.34	52	48485	49066	139	133	21	0.5	1	9	5/27/2013	25.3	y
50304	str	str50304	AIL_RNA5a	16	9.3	75.08	296	22.94	52	49065	49086	133	117	21	0.363636364	0	9	5/27/2013	29.7	y
50304	str	str50304	AIL_RNA4c	16	9.3	75.08	296	22.94	52	49065	49086	133	117	21	0.363636364	0	9	5/27/2013	29.7	y
50311	str	str50311	AIL_RNA5b	6	9	65.21	283	17.63	52	49275	48498	79	145	21	0.125	1	9	5/27/2013	23.9	y
50311	str	str50311	AIL_RNA4c	6	9	65.21	283	17.63	52	49275	48498	79	145	21	0.125	1	9	5/27/2013	23.9	y
50322	str	str50322	AIL_RNA3d	21	8.8	100.75	269	16.77	52	49265	49422	79	76	21	0.555555556	0	9	5/27/2013	32.5	y
50333	str	str50333	AIL_RNA2d	5	9.2	162.7	300	34.69	52	49261	48396	79	168	21	0.666666667	1	9	5/27/2013	21.7	y
50340	str	str50340	AIL_RNA3c	11	8.9	102.43	276	35.46	52	49253	49014	80	144	21	0.4	0	9	5/27/2013	29.3	y
50348	str	str50348	AIL_RNA4d	5	9	67.58	278	12.35	52	49235	48400	82	166	21	0.285714286	0	9	5/27/2013	38.9	y
50348	str	str50348	AIL_RNA5c	5	9	67.58	278	12.35	52	49235	48400	82	166	21	0.285714286	0	9	5/27/2013	38.9	y
50355	str	str50355	AIL_RNA3c	1	9	79.51	271	34.28	52	49257	49300	81	80	21	0.444444444	1	9	5/27/2013	20.2	y
50359	str	str50359	AIL_RNA5c	14	9.8	46.76	298	12.33	52	49269	49420	82	70	21	0.142857143	1	9	5/28/2013	30.5	y
50359	str	str50359	AIL_RNA4c	14	9.8	46.76	298	12.33	52	49269	49420	82	70	21	0.142857143	1	9	5/28/2013	30.5	y
50374	str	str50374	AIL_RNA4c	15	9.3	76.47	289	4.7	52	49273	48499	83	148	20	NA	0	9	5/28/2013	28.9	y
50374	str	str50374	AIL_RNA5b	15	9.3	76.47	289	4.7	52	49273	48499	83	148	20	NA	0	9	5/28/2013	28.9	y
50377	str	str50377	AIL_RNA2b	22	9.6	75.77	294	34.21	52	48442	49096	148	124	21	NA	1	9	5/28/2013	24.6	y
50383	str	str50383	AIL_RNA2d	4	9.4	66.27	311	35.57	52	48393	49292	174	83	20	0.571428571	1	9	5/28/2013	26.2	y
50386	str	str50386	AIL_RNA4c	3	10	57.57	290	12.56	52	49241	48418	85	175	21	0.666666667	0	9	5/28/2013	31.3	y
50386	str	str50386	AIL_RNA5c	3	10	57.57	290	12.56	52	49241	48418	85	175	21	0.666666667	0	9	5/28/2013	31.3	y
50405	str	str50405	AIL_RNA7d	22	9	34.38	278	19.91	52	49061	49022	144	150	21	0.166666667	1	9	5/28/2013	23	y
50420	str	str50420	AIL_RNA6a	7	8.6	52.74	279	14.84	52	49413	48340	82	176	21	0.454545455	0	9	5/28/2013	28.1	y
50429	str	str50429	AIL_RNA7a	4	8.8	31.6	307	16.45	52	48301	49454	182	NA	21	0.555555556	1	9	5/28/2013	20.7	y
50430	str	str50430	AIL_RNA5d	16	8.7	56.36	286	4.06	52	49239	49450	89	67	23	0.727272727	0	9	5/28/2013	33	y
50430	str	str50430	AIL_RNA4d	16	8.7	56.36	286	4.06	52	49239	49450	89	67	23	0.727272727	0	9	5/28/2013	33	y
50479	str	str50479	AIL_RNA3b	5	9.4	73.2	309	25.69	NA	NA	NA	NA	NA	NA	NA	NA	NA	NA	NA	NA
50486	str	str50486	AIL_RNA2c	6	9.2	59.01	306	31.88	53	49477	50224	111	82	21	0.454545455	0	10	7/15/2013	31.3	y
50500	str	str50500	AIL_RNA3b	6	9.4	72.55	301	21.52	53	50127	50192	113	84	20	0.714285714	0	10	7/15/2013	27.5	y
50701	str	str50701	AIL_RNA6d	13	9.3	32.79	296	8.59	53	49495	50240	111	82	21	0.375	1	10	7/15/2013	24.1	y
50708	str	str50708	AIL_RNA5b	5	10	58.82	276	7.7	53	50203	50116	81	112	22	0.454545455	0	10	7/15/2013	33.4	y
50708	str	str50708	AIL_RNA4c	5	10	58.82	276	7.7	53	50203	50116	81	112	22	0.454545455	0	10	7/15/2013	33.4	y
50723	str	str50723	AIL_RNA4b	6	10	69.93	302	10.24	53	50219	49500	84	114	20	0.363636364	1	10	7/15/2013	27.6	y
50729	str	str50729	AIL_RNA4b	12	9.9	62.18	289	11.18	53	50261	49428	82	113	21	0.692307692	1	10	7/15/2013	20.9	y
50740	str	str50740	AIL_RNA4b	13	9.9	136.47	289	7.66	53	50109	50200	115	84	20	0.5	0	10	7/15/2013	31.9	y
50749	str	str50749	AIL_RNA4b	15	9.7	65.69	300	21.59	53	50120	50214	113	85	20	0.285714286	1	10	7/15/2013	22.9	y
50752	str	str50752	AIL_RNA7a	18	9.1	35.94	292	39.25	53	50141	49442	114	115	20	0.833333333	0	10	7/16/2013	37.2	y
50763	str	str50763	AIL_RNA7a	3	9.3	29.7	289	22.7	53	50133	50250	114	85	20	0.333333333	1	10	7/16/2013	30	y
50774	str	str50774	AIL_RNA6d	18	9.7	46.84	296	44.14	53	49437	50246	115	84	20	0.333333333	0	10	7/16/2013	27.9	y
50778	str	str50778	AIL_RNA2d	2	9.5	67.5	293	34.69	53	49465	50236	114	85	19	0.4	0	10	7/16/2013	30.6	y
50793	str	str50793	AIL_RNA5b	4	9	68.1	271	14.5	53	50301	49496	63	115	20	0.444444444	1	10	7/16/2013	22.7	y
50793	str	str50793	AIL_RNA4c	4	9	68.1	271	14.5	53	50301	49496	63	115	20	0.444444444	1	10	7/16/2013	22.7	y
51224	str	str51224	AIL_RNA7b	12	8	193.18	283	10.05	53	50409	50144	91	152	21	0.5	0	11	8/26/2013	33.6	y
51254	str	str51254	AIL_RNA6a	10	8.9	107.22	296	36.19	53	50415	49488	90	152	22	0.25	0	11	8/27/2013	31.2	y
51254	str	str51254	AIL_RNA4d	10	8.9	107.22	296	36.19	53	50415	49488	90	152	22	0.25	0	11	8/27/2013	31.2	y
51258	str	str51258	AIL_RNA3c	9	8.9	107.28	274	39.21	53	50105	50346	155	96	20	0.666666667	0	11	8/27/2013	31	y
51263	str	str51263	AIL_RNA3b	21	9	101.39	268	12.83	53	50249	50422	125	92	20	0.25	1	11	8/27/2013	27	y
51281	str	str51281	AIL_RNA3b	10	9.1	210.6	287	44.46	53	50231	50204	124	124	21	0.7	1	11	8/27/2013	25.1	y
51294	str	str51294	AIL_RNA3a	11	9.4	151.82	301	25.41	53	50389	50138	94	155	20	0.444444444	0	11	8/27/2013	25	y
51307	str	str51307	AIL_RNA3a	15	8.9	78.37	282	37.6	53	50209	50270	126	116	31	0	1	11	8/27/2013	17.2	y
51309	str	str51309	AIL_RNA3a	18	9.4	128.1	289	14.6	53	50227	50188	133	134	24	0.555555556	0	11	8/27/2013	25.4	y
51328	str	str51328	AIL_RNA8b	23	8	106.52	286	55.22	53	50213	50394	166	133	20	0.5	0	12	10/7/2013	32	y
51335	str	str51335	AIL_RNA5a	18	8.4	134.24	258	4.96	53	50169	50356	168	138	20	0.6	1	12	10/7/2013	24.7	y
51346	str	str51346	AIL_RNA8c	1	8.2	173.26	270	30.36	53	50267	50306	165	145	20	0.75	0	12	10/7/2013	40.5	y
51351	str	str51351	AIL_RNA8a	6	8.3	136.29	288	13.04	53	50283	50372	149	136	21	0.777777778	1	12	10/7/2013	23	y
51361	str	str51361	AIL_RNA8d	22	8	114.98	306	40.38	53	50305	50334	145	140	20	0.375	1	12	10/7/2013	21.3	y
51375	str	str51375	AIL_RNA8b	16	8.2	207.02	290	27.28	53	50309	50290	140	150	20	0.625	1	12	10/8/2013	23.9	y
51396	str	str51396	AIL_RNA8b	25	8	105.03	283	46.21	53	50379	50212	136	168	20	0.333333333	0	12	10/8/2013	35.2	y
51420	str	str51420	AIL_RNA8d	15	8	203.55	296	8.61	53	50465	50320	120	143	20	0.666666667	0	13	10/25/2013	25.4	y
51463	str	str51463	AIL_RNA7c	20	8.2	250.65	283	27.95	53	50425	50178	NA	NA	NA	0.666666667	1	13	10/25/2013	31.4	y
51603	str	str51603	AIL_RNA7c	10	8.2	163.23	324	21.92	53	50373	50218	150	179	21	0.75	1	13	10/25/2013	17.5	y
51616	str	str51616	AIL_RNA6c	5	8.3	157.42	283	11.02	53	50381	50426	154	150	20	0.333333333	1	13	10/25/2013	31	y
51621	str	str51621	AIL_RNA5c	11	8.3	111.21	271	7.38	53	50357	50442	158	143	21	0.666666667	1	13	10/25/2013	19.7	y
51634	str	str51634	AIL_RNA6c	16	8.4	165.77	278	26.23	53	50403	50308	155	166	20	0.75	0	13	10/25/2013	27.9	y
51644	str	str51644	AIL_RNA7b	23	8.1	94.17	276	42.86	53	50361	50448	161	145	20	0.555555556	0	13	10/25/2013	34.4	y
51657	str	str51657		11	8.2	124.88	329	18.06	53	50395	50384	160	160	NA	NA	1	13	10/25/2013	21.5	y
51713	str	str51713	AIL_RNA7d	21	8	138.63	284	14.21	54	51215	50730	92	132	21	0.625	1	14	11/26/2013	23	y
51714	str	str51714	AIL_RNA7b	10	8.3	113.04	271	12.11	54	51225	50768	91	130	22	0.666666667	0	14	11/28/2013	31.1	y
51734	str	str51734	AIL_RNA8a	1	8.2	127.85	293	30.04	54	51305	50796	83	132	20	0.666666667	0	14	11/28/2013	30	y
51739	str	str51739	AIL_RNA8c	4	8.1	159.71	313	16.69	54	51285	51270	90	92	21	0.625	1	14	11/26/2013	21.4	y
51764	str	str51764	AIL_RNA6a	12	8.3	108.7	279	4.06	54	50077	50714	133	134	21	0.545454545	0	14	11/28/2013	35.7	y
51767	str	str51767	AIL_RNA7b	20	8	92.1	286	9.98	54	50725	50088	134	133	21	0.5	1	14	11/26/2013	22.4	y
51774	str	str51774	AIL_RNA7c	27	8.3	219.38	287	26.08	54	51273	50084	92	132	21	0.555555556	0	14	11/28/2013	31.5	y
51811	str	str51811	AIL_RNA5c	9	8.5	131.31	269	3.58	54	51269	50770	109	150	23	0.642857143	1	14	11/26/2013	20.7	y
51812	str	str51812	AIL_RNA8d	27	8.2	131.09	294	21.75	54	51397	51214	94	141	21	0.375	0	15	1/10/2014	35.5	y
51813	str	str51813	AIL_RNA6d	7	8	118.54	312	31.52	54	51323	50718	139	178	22	0.888888889	1	15	1/10/2014	27	y
51840	str	str51840	AIL_RNA5d	1	8.3	195.4	302	11.29	54	51325	51310	101	135	20	0.5	0	15	1/10/2014	26.7	y
51850	str	str51850	AIL_RNA7d	18	8.2	245.71	292	18.64	54	51373	50800	97	175	21	0.75	0	15	1/10/2014	31.1	y
51877	str	str51877	AIL_RNA8a	4	8.3	163.79	282	19.48	54	50495	51340	183	100	21	0.4	1	16	2/10/2014	28.7	y
51878	str	str51878	AIL_RNA6c	2	8.3	185.99	261	4.94	54	50087	51326	181	103	21	0.714285714	0	15	1/10/2014	36	y
51886	str	str51886	AIL_RNA6a	15	8.4	194.38	279	14.84	54	51203	51298	145	141	21	1	0	16	2/10/2014	42	y
51897	str	str51897	AIL_RNA8b	27	8.2	174.78	284	39.21	54	50079	51296	191	150	22	0.555555556	1	16	2/10/2014	26.8	y
51902	str	str51902	AIL_RNA7c	23	8.2	203.32	290	22.28	54	51315	51218	134	154	20	0.6	0	16	2/10/2014	35.2	y
51905	str	str51905	AIL_RNA6d	2	8.2	45.49	287	37.46	54	50761	51318	195	136	20	0.333333333	1	16	2/10/2014	26.7	y
51910	str	str51910	AIL_RNA5d	11	8.5	90.76	265	1.06	54	51363	51242	113	155	20	0.833333333	0	16	2/10/2014	33	y
51936	str	str51936	AIL_RNA8b	10	8.1	124.26	304	24.06	54	51425	50786	127	209	20	0.538461538	0	16	2/10/2014	30.7	y
51949	str	str51949	AIL_RNA8d	19	8	249.38	284	29.96	54	51385	51208	NA	170	21	0.5	1	16	2/10/2014	20.2	y
51959	str	str51959	AIL_RNA6c	15	8.2	264.36	276	10.87	54	51423	51336	127	126	21	0.363636364	1	16	2/10/2014	19.6	y
51966	str	str51966	AIL_RNA8c	9	8.1	184.43	292	32.84	54	50739	51362	208	126	21	0.5	0	16	2/11/2014	31.8	y
51994	str	str51994	AIL_RNA6c	10	8.7	86.88	279	11.16	54	51421	51348	128	128	21	0.3	0	16	2/11/2014	30.3	y
52036	str	str52036	AIL_RNA4b	25	8.6	105.29	279	14.57	54	51625	50782	115	217	20	0.777777778	0	17	3/31/2014	40.9	y
52059	str	str52059	AIL_RNA6b	10	8.5	129.8	275	2.26	54	50769	51394	256	173	21	0.666666667	1	17	3/31/2014	23.1	y
52072	str	str52072	AIL_RNA5d	23	8.6	105.88	283	1.35	NA	NA	NA	NA	NA	NA	NA	NA	NA	NA	NA	NA
52076	str	str52076	AIL_RNA4a	20	8.8	128.68	286	24.63	55	51817	51942	112	82	21	0.222222222	0	18	5/5/2014	36.7	y
52077	str	str52077	AIL_RNA7d	4	8.1	115.22	301	23.07	55	51769	51912	157	95	21	0.615384615	1	18	5/5/2014	25.9	y
52131	str	str52131	AIL_RNA7d	8	8	54.92	274	22.74	NA	NA	NA	NA	NA	NA	NA	NA	NA	NA	NA	NA
52132	str	str52132	AIL_RNA6c	21	8.4	79.38	282	28.06	NA	NA	NA	NA	NA	NA	NA	NA	NA	NA	NA	NA
52139	str	str52139	AIL_RNA1	11	9.2	128.73	295	33.87	NA	NA	NA	NA	NA	NA	NA	NA	NA	NA	NA	NA
52145	str	str52145	AIL_RNA6c	12	8.5	88.68	275	2.09	54	51337	51802	176	117	21	0.454545455	1	17	3/31/2014	21.2	y
52173	str	str52173	AIL_RNA9d	2	8	48.6	300	23.44	55	51707	51708	168	132	20	0.285714286	1	17	4/1/2014	28	y
52186	str	str52186	AIL_RNA6b	20	8.6	131.63	293	10.32	54	51301	51630	168	132	20	0.285714286	0	17	4/1/2014	30.7	y
52193	str	str52193	AIL_RNA8b	22	8.1	148.68	283	17.1	55	51943	51758	81	157	21	0.727272727	1	18	5/5/2014	22.5	y
54104	str	str54104	AIL_RNA6b	3	8.8	55.68	279	6.03	55	51917	51664	93	163	21	0.125	0	18	5/5/2014	23.5	y
54109	str	str54109	AIL_RNA9d	21	8.2	108.16	294	36.07	55	51893	51830	103	113	21	0.125	1	18	5/5/2014	23.7	y
54117	str	str54117	AIL_RNA8a	5	8.3	138.88	275	17.74	55	52029	51874	79	111	21	0.545454545	1	18	5/5/2014	20.4	y
54149	str	str54149	AIL_RNA6d	12	8.6	45.45	302	30.94	55	51777	51932	159	85	21	0.4	1	18	5/6/2014	27.8	y
54158	str	str54158	AIL_RNA8a	3	9.3	72.6	269	8.54	55	51733	51908	161	98	20	0.5	0	18	5/6/2014	35.8	y
54169	str	str54169	AIL_RNA5a	23	8.4	64.62	284	27.06	55	51749	51938	161	85	21	0.4	1	18	5/6/2014	24	y
54178	str	str54178	AIL_RNA7d	7	8.2	161.38	287	27.12	55	51903	51754	100	160	21	0.5	0	18	5/6/2014	33	y
54179	str	str54179	AIL_RNA2a	22	9.2	50.67	299	35.47	55	51755	51904	161	100	21	0.6	1	18	5/6/2014	23.5	y
54186	str	str54186	AIL_RNA6a	25	8.4	53.74	282	31.83	55	51691	51990	164	87	21	0.5	0	18	5/6/2014	29.1	y
54187	str	str54187	AIL_RNA6d	14	8.2	63.13	282	33.76	55	51999	51730	85	162	24	0.5	1	18	5/6/2014	30.8	y
54213	str	str54213	AIL_RNA3c	20	9	110.64	283	26.87	55	51937	521820	125	70	22	0.6	1	19	6/20/2014	29.4	y
54226	str	str54226	AIL_RNA7b	9	8.3	122.5	283	6.31	55	52141	51948	74	123	22	0.6	0	19	6/20/2014	33.3	y
54227	str	str54227	AIL_RNA7a	8	8.3	123.5	278	4.1	55	52069	51868	76	152	22	0.454545455	1	19	6/20/2014	26.2	y
54243	str	str54243	AIL_RNA3b	20	9.3	169.51	281	21.99	55	51925	51856	127	153	21	0.8	1	19	6/20/2014	19.6	y
54257	str	str54257	AIL_RNA5b	8	8.5	132.06	279	4.73	55	52051	52008	117	122	20	0.428571429	1	19	6/20/2014	23.7	y
54260	str	str54260	AIL_RNA3c	12	8.9	92.25	276	33.03	55	52183	52016	71	122	20	0.583333333	0	19	6/20/2014	32.4	y
54266	str	str54266	AIL_RNA5b	22	8.6	106.75	282	11.91	55	51975	52074	126	79	21	0.6	0	19	6/20/2014	27.7	y
54284	str	str54284	AIL_RNA3d	6	8.7	103.2	275	11.42	55	52065	52038	79	118	21	0.666666667	0	19	6/20/2014	33.5	y
54289	str	str54289	AIL_RNA7d	3	8.3	169.73	280	15.32	55	52061	51724	80	205	20	0.727272727	1	19	6/20/2014	21.3	y
54299	str	str54299	AIL_RNA6b	5	8.7	108.49	293	5.56	55	51849	52046	156	NA	21	0.5	1	19	6/23/2014	32.3	y
54300	str	str54300	AIL_RNA4b	22	9	94.81	290	34.44	55	51825	51888	159	156	22	NA	0	19	6/23/2014	34.2	y
54307	str	str54307	AIL_RNA3b	12	9.3	129.11	292	20.82	55	52075	51750	82	205	22	NA	1	19	6/23/2014	27.4	y
54323	str	str54323	AIL_RNA2d	11	9.1	82.13	295	36.49	55	52151	51678	79	207	22	NA	1	19	6/23/2014	25.7	y
54331	str	str54331	AIL_RNA5c	21	8.6	109.85	294	14.72	55	52143	51780	92	219	20	0.8	1	20	7/17/2014	25	y
54331	str	str54331	AIL_RNA4d	21	8.6	109.85	294	14.72	55	52143	51780	92	219	20	0.8	1	20	7/17/2014	25	y
54332	str	str54332	AIL_RNA6d	6	9.2	39.49	293	30.75	55	51931	54191	145	142	22	0.5	0	20	8/4/2014	34	y
54335	str	str54335	AIL_RNA8a	2	9.4	88.23	273	3.63	55	52095	51762	174	221	NA	0.363636364	1	20	8/5/2014	21.3	y
54336	str	str54336	AIL_RNA8c	5	8.8	47.45	284	28.03	55	51939	52020	145	139	22	0.636363636	0	20	7/18/2014	37.4	y
54353	str	str54353	AIL_RNA3d	25	8.8	77.65	301	29.62	55	51895	52148	167	98	20	0.333333333	1	20	7/24/2014	22.6	y
54359	str	str54359	AIL_RNA5a	5	8.6	61.32	282	31.74	55	51827	51740	184	105	20	0.75	1	20	7/28/2014	23.3	y
54360	str	str54360	AIL_RNA1	12	9.2	121.76	297	35.46	55	51973	52006	159	155	20	NA	0	20	7/27/2014	32.4	y
54368	str	str54368	AIL_RNA5d	3	8.6	63.71	265	1.06	55	51995	51670	160	238	21	0.333333333	0	20	7/30/2014	23.8	y
54371	str	str54371	AIL_RNA4a	14	8.7	63.82	292	10.8	55	52147	51898	112	179	21	0.5	1	20	8/2/2014	21.7	y
54384	str	str54384	AIL_RNA8b	15	8.7	85	293	11.01	56	52189	52170	112	133	20	0.583333333	0	21	8/26/2014	30.6	y
54396	str	str54396	AIL_RNA8d	12	8.9	60.15	295	21.91	56	54103	52098	99	99	20	0.555555556	0	21	8/26/2014	32.9	y
54397	str	str54397	AIL_RNA9c	25	9.6	51.37	275	39.2	56	54137	54160	99	98	20	0.461538462	1	21	9/15/2014	21.8	y
54809	str	str54809	AIL_RNA9c	19	8.7	94	313	30.07	56	54123	54168	100	99	20	0.454545455	1	21	8/26/2014	22.5	y
54822	str	str54822	AIL_RNA8d	20	8.8	61.8	294	21.03	56	52163	52134	135	137	19	0.5	0	21	8/26/2014	39.2	y
54853	str	str54853	AIL_RNA9c	14	8.6	113.6	299	17.52	56	52097	52184	109	111	22	0.636363636	1	21	8/26/2014	20.7	y
54862	str	str54862	AIL_RNA8c	18	8.6	90.3	299	28.44	56	54163	54172	108	108	22	0.363636364	0	21	8/26/2014	28.5	y
54864	str	str54864	AIL_RNA9d	12	8.8	40.8	287	41.33	56	52091	52114	124	161	21	0.4	0	22	9/15/2014	38	y
54871	str	str54871	AIL_RNA9c	27	9.8	29.63	280	30.54	56	52129	52094	157	122	24	0.571428571	1	22	9/15/2014	22.3	y
54883	str	str54883	AIL_RNA9c	21	9.1	48.5	273	25.36	56	54241	52166	83	158	21	0.333333333	1	22	9/15/2014	23.5	y
54884	str	str54884	AIL_RNA9c	11	8.8	33.3	284	23.07	56	54231	54192	84	122	21	0.285714286	0	22	9/15/2014	29.6	y
54896	str	str54896	AIL_RNA9c	18	9.6	20.64	283	26.22	56	54127	54296	124	81	21	0.571428571	0	22	9/15/2014	37.1	y
56203	str	str56203	AIL_RNA9d	14	8.9	65.47	272	30.32	56	54281	54250	81	83	20	0.416666667	1	22	9/15/2014	25	y
56224	str	str56224	AIL_RNA9d	13	9.1	59.35	276	41.18	56	54275	52130	83	162	21	0.777777778	0	22	9/15/2014	24.1	y
56227	str	str56227	AIL_RNA9d	15	9	38.9	295	40.23	56	54211	54174	87	126	20	0.333333333	1	22	9/15/2014	22.4	y
56237	str	str56237	AIL_RNA9d	10	9	35.7	289	33.1	56	54151	54228	126	86	21	0.166666667	1	22	9/15/2014	29.9	y
56240	str	str56240	AIL_RNA9d	9	8.9	31.7	292	26.97	56	54263	54136	84	126	21	0.888888889	0	22	9/15/2014	30.4	y
56257	str	str56257	AIL_RNA9d	8	9	29.8	281	35.53	56	54285	54144	82	126	22	0.545454545	1	22	9/15/2014	22.3	y
56268	str	str56268	AIL_RNA9c	22	9.3	72.16	278	38.71	56	54143	54268	126	82	22	0.6	0	22	9/15/2014	37.1	y
56273	str	str56273	AIL_RNA9c	16	9	28.1	289	37.99	56	54247	54246	86	85	21	0.583333333	1	22	9/15/2014	29.5	y
56276	str	str56276	AIL_RNA9c	20	9.1	61.2	370	14.87	56	54247	54246	86	85	21	0.583333333	0	22	9/15/2014	36.3	y
