NA	NA	NA	NA
NA	NA	NA	NA
NA	NA	NA	NA
NA	NA	NA	NA
NA	NA	NA	NA
NA	NA	NA	NA
NA	NA	NA	NA
NA	NA	NA	NA
NA	NA	NA	NA
NA	NA	NA	NA
NA	NA	NA	NA
NA	NA	NA	NA
NA	NA	NA	NA
NA	NA	NA	NA
NA	NA	NA	NA
NA	NA	NA	NA
NA	NA	NA	NA
NA	NA	NA	NA
NA	NA	NA	NA
NA	NA	NA	NA
NA	NA	NA	NA
NA	NA	NA	NA
NA	NA	NA	NA
NA	NA	NA	NA
NA	NA	NA	NA
NA	NA	NA	NA
NA	NA	NA	NA
NA	NA	NA	NA
NA	NA	NA	NA
NA	NA	NA	NA
NA	NA	NA	NA
NA	NA	NA	NA
NA	NA	NA	NA
NA	NA	NA	NA
NA	NA	NA	NA
NA	NA	NA	NA
NA	NA	NA	NA
NA	NA	NA	NA
NA	NA	NA	NA
NA	NA	NA	NA
NA	NA	NA	NA
NA	NA	NA	NA
NA	NA	NA	NA
NA	NA	NA	NA
NA	NA	NA	NA
NA	NA	NA	NA
NA	NA	NA	NA
NA	NA	NA	NA
NA	NA	NA	NA
NA	NA	NA	NA
NA	NA	NA	NA
NA	NA	NA	NA
NA	NA	NA	NA
NA	NA	NA	NA
NA	NA	NA	NA
NA	NA	NA	NA
NA	NA	NA	NA
NA	NA	NA	NA
NA	NA	NA	NA
NA	NA	NA	NA
NA	NA	NA	NA
NA	NA	NA	NA
NA	NA	NA	NA
NA	NA	NA	NA
NA	NA	NA	NA
NA	NA	NA	NA
NA	NA	NA	NA
NA	NA	NA	NA
NA	NA	NA	NA
NA	NA	NA	NA
NA	NA	NA	NA
NA	NA	NA	NA
NA	NA	NA	NA
NA	NA	NA	NA
NA	NA	NA	NA
NA	NA	NA	NA
NA	NA	NA	NA
NA	NA	NA	NA
NA	NA	NA	NA
NA	NA	NA	NA
NA	NA	NA	NA
NA	NA	NA	NA
NA	NA	NA	NA
NA	NA	NA	NA
NA	NA	NA	NA
NA	NA	NA	NA
NA	NA	NA	NA
NA	NA	NA	NA
NA	NA	NA	NA
NA	NA	NA	NA
NA	NA	NA	NA
NA	NA	NA	NA
NA	NA	NA	NA
NA	NA	NA	NA
NA	NA	NA	NA
NA	NA	NA	NA
NA	NA	NA	NA
NA	NA	NA	NA
NA	NA	NA	NA
NA	NA	NA	NA
NA	NA	NA	NA
NA	NA	NA	NA
NA	NA	NA	NA
NA	NA	NA	NA
NA	NA	NA	NA
NA	NA	NA	NA
NA	NA	NA	NA
NA	NA	NA	NA
NA	NA	NA	NA
NA	NA	NA	NA
NA	NA	NA	NA
NA	NA	NA	NA
NA	NA	NA	NA
NA	NA	NA	NA
NA	NA	NA	NA
NA	NA	NA	NA
NA	NA	NA	NA
NA	NA	NA	NA
0.09608145	0.415861178	0.502623928	9
-0.075836625	0.415498014	0.47804375	8.5
-0.027930821	0.164663185	0.450608396	8.3
0.090442704	0.367564453	0.632022591	6.6
-0.126847057	0.292635765	0.482307107	8.1
-0.831635373	-0.167236359	0.284158285	8
-0.289277588	0.082088247	0.372060844	8
-0.978792601	-0.389462467	0.011817991	8.2
-1.03135327	0.200162337	0.19690655	8.7
-1.122519262	0.163904342	0.341963353	8.9
-0.621680846	0.023305601	-0.019174008	8.1
0.146587532	0.260595997	0.383966675	8.5
-0.409996934	-0.067947061	0.155321338	8.4
-0.535845625	-0.622926858	0.01137684	7.3
-0.209145351	0.238544501	0.505248194	8.2
-0.268677909	0.200417249	0.329476924	8.3
NA	NA	NA	NA
NA	NA	NA	NA
NA	NA	NA	NA
NA	NA	NA	NA
NA	NA	NA	NA
NA	NA	NA	NA
NA	NA	NA	NA
NA	NA	NA	NA
NA	NA	NA	NA
NA	NA	NA	NA
NA	NA	NA	NA
NA	NA	NA	NA
NA	NA	NA	NA
NA	NA	NA	NA
NA	NA	NA	NA
NA	NA	NA	NA
NA	NA	NA	NA
NA	NA	NA	NA
NA	NA	NA	NA
NA	NA	NA	NA
NA	NA	NA	NA
NA	NA	NA	NA
NA	NA	NA	NA
NA	NA	NA	NA
NA	NA	NA	NA
NA	NA	NA	NA
NA	NA	NA	NA
NA	NA	NA	NA
NA	NA	NA	NA
NA	NA	NA	NA
NA	NA	NA	NA
NA	NA	NA	NA
NA	NA	NA	NA
NA	NA	NA	NA
NA	NA	NA	NA
NA	NA	NA	NA
NA	NA	NA	NA
NA	NA	NA	NA
NA	NA	NA	NA
NA	NA	NA	NA
NA	NA	NA	NA
NA	NA	NA	NA
NA	NA	NA	NA
NA	NA	NA	NA
NA	NA	NA	NA
NA	NA	NA	NA
NA	NA	NA	NA
NA	NA	NA	NA
NA	NA	NA	NA
NA	NA	NA	NA
NA	NA	NA	NA
NA	NA	NA	NA
NA	NA	NA	NA
NA	NA	NA	NA
NA	NA	NA	NA
NA	NA	NA	NA
NA	NA	NA	NA
NA	NA	NA	NA
NA	NA	NA	NA
NA	NA	NA	NA
NA	NA	NA	NA
NA	NA	NA	NA
NA	NA	NA	NA
NA	NA	NA	NA
NA	NA	NA	NA
NA	NA	NA	NA
NA	NA	NA	NA
NA	NA	NA	NA
NA	NA	NA	NA
NA	NA	NA	NA
NA	NA	NA	NA
NA	NA	NA	NA
NA	NA	NA	NA
NA	NA	NA	NA
NA	NA	NA	NA
NA	NA	NA	NA
NA	NA	NA	NA
NA	NA	NA	NA
NA	NA	NA	NA
NA	NA	NA	NA
NA	NA	NA	NA
NA	NA	NA	NA
NA	NA	NA	NA
NA	NA	NA	NA
NA	NA	NA	NA
NA	NA	NA	NA
NA	NA	NA	NA
NA	NA	NA	NA
NA	NA	NA	NA
NA	NA	NA	NA
NA	NA	NA	NA
NA	NA	NA	NA
NA	NA	NA	NA
NA	NA	NA	NA
NA	NA	NA	NA
NA	NA	NA	NA
NA	NA	NA	NA
NA	NA	NA	NA
NA	NA	NA	NA
NA	NA	NA	NA
NA	NA	NA	NA
NA	NA	NA	NA
NA	NA	NA	NA
NA	NA	NA	NA
NA	NA	NA	NA
NA	NA	NA	NA
NA	NA	NA	NA
NA	NA	NA	NA
NA	NA	NA	NA
NA	NA	NA	NA
NA	NA	NA	NA
NA	NA	NA	NA
NA	NA	NA	NA
NA	NA	NA	NA
NA	NA	NA	NA
NA	NA	NA	NA
NA	NA	NA	NA
NA	NA	NA	NA
NA	NA	NA	NA
NA	NA	NA	NA
NA	NA	NA	NA
NA	NA	NA	NA
NA	NA	NA	NA
NA	NA	NA	NA
NA	NA	NA	NA
NA	NA	NA	NA
NA	NA	NA	NA
NA	NA	NA	NA
NA	NA	NA	NA
NA	NA	NA	NA
NA	NA	NA	NA
NA	NA	NA	NA
NA	NA	NA	NA
NA	NA	NA	NA
NA	NA	NA	NA
NA	NA	NA	NA
NA	NA	NA	NA
NA	NA	NA	NA
NA	NA	NA	NA
NA	NA	NA	NA
NA	NA	NA	NA
NA	NA	NA	NA
NA	NA	NA	NA
NA	NA	NA	NA
NA	NA	NA	NA
NA	NA	NA	NA
NA	NA	NA	NA
NA	NA	NA	NA
NA	NA	NA	NA
NA	NA	NA	NA
NA	NA	NA	NA
NA	NA	NA	NA
NA	NA	NA	NA
NA	NA	NA	NA
NA	NA	NA	NA
NA	NA	NA	NA
NA	NA	NA	NA
NA	NA	NA	NA
NA	NA	NA	NA
NA	NA	NA	NA
NA	NA	NA	NA
NA	NA	NA	NA
NA	NA	NA	NA
NA	NA	NA	NA
NA	NA	NA	NA
NA	NA	NA	NA
NA	NA	NA	NA
NA	NA	NA	NA
NA	NA	NA	NA
NA	NA	NA	NA
NA	NA	NA	NA
NA	NA	NA	NA
NA	NA	NA	NA
NA	NA	NA	NA
NA	NA	NA	NA
NA	NA	NA	NA
NA	NA	NA	NA
NA	NA	NA	NA
NA	NA	NA	NA
NA	NA	NA	NA
NA	NA	NA	NA
NA	NA	NA	NA
NA	NA	NA	NA
NA	NA	NA	NA
NA	NA	NA	NA
NA	NA	NA	NA
NA	NA	NA	NA
NA	NA	NA	NA
NA	NA	NA	NA
NA	NA	NA	NA
NA	NA	NA	NA
NA	NA	NA	NA
NA	NA	NA	NA
NA	NA	NA	NA
NA	NA	NA	NA
NA	NA	NA	NA
NA	NA	NA	NA
NA	NA	NA	NA
NA	NA	NA	NA
NA	NA	NA	NA
NA	NA	NA	NA
NA	NA	NA	NA
NA	NA	NA	NA
NA	NA	NA	NA
NA	NA	NA	NA
NA	NA	NA	NA
NA	NA	NA	NA
NA	NA	NA	NA
NA	NA	NA	NA
NA	NA	NA	NA
NA	NA	NA	NA
NA	NA	NA	NA
NA	NA	NA	NA
NA	NA	NA	NA
NA	NA	NA	NA
NA	NA	NA	NA
NA	NA	NA	NA
NA	NA	NA	NA
NA	NA	NA	NA
NA	NA	NA	NA
NA	NA	NA	NA
NA	NA	NA	NA
NA	NA	NA	NA
NA	NA	NA	NA
NA	NA	NA	NA
NA	NA	NA	NA
NA	NA	NA	NA
NA	NA	NA	NA
NA	NA	NA	NA
NA	NA	NA	NA
NA	NA	NA	NA
NA	NA	NA	NA
NA	NA	NA	NA
NA	NA	NA	NA
NA	NA	NA	NA
NA	NA	NA	NA
NA	NA	NA	NA
NA	NA	NA	NA
NA	NA	NA	NA
NA	NA	NA	NA
NA	NA	NA	NA
NA	NA	NA	NA
NA	NA	NA	NA
NA	NA	NA	NA
NA	NA	NA	NA
NA	NA	NA	NA
NA	NA	NA	NA
NA	NA	NA	NA
NA	NA	NA	NA
NA	NA	NA	NA
NA	NA	NA	NA
NA	NA	NA	NA
NA	NA	NA	NA
NA	NA	NA	NA
NA	NA	NA	NA
NA	NA	NA	NA
NA	NA	NA	NA
NA	NA	NA	NA
NA	NA	NA	NA
NA	NA	NA	NA
NA	NA	NA	NA
NA	NA	NA	NA
NA	NA	NA	NA
NA	NA	NA	NA
NA	NA	NA	NA
NA	NA	NA	NA
NA	NA	NA	NA
NA	NA	NA	NA
NA	NA	NA	NA
NA	NA	NA	NA
NA	NA	NA	NA
NA	NA	NA	NA
NA	NA	NA	NA
NA	NA	NA	NA
NA	NA	NA	NA
NA	NA	NA	NA
NA	NA	NA	NA
NA	NA	NA	NA
NA	NA	NA	NA
NA	NA	NA	NA
NA	NA	NA	NA
NA	NA	NA	NA
NA	NA	NA	NA
NA	NA	NA	NA
NA	NA	NA	NA
NA	NA	NA	NA
NA	NA	NA	NA
NA	NA	NA	NA
NA	NA	NA	NA
NA	NA	NA	NA
NA	NA	NA	NA
NA	NA	NA	NA
NA	NA	NA	NA
NA	NA	NA	NA
NA	NA	NA	NA
NA	NA	NA	NA
NA	NA	NA	NA
NA	NA	NA	NA
NA	NA	NA	NA
NA	NA	NA	NA
NA	NA	NA	NA
NA	NA	NA	NA
NA	NA	NA	NA
NA	NA	NA	NA
NA	NA	NA	NA
NA	NA	NA	NA
NA	NA	NA	NA
NA	NA	NA	NA
NA	NA	NA	NA
NA	NA	NA	NA
NA	NA	NA	NA
NA	NA	NA	NA
NA	NA	NA	NA
NA	NA	NA	NA
NA	NA	NA	NA
NA	NA	NA	NA
NA	NA	NA	NA
NA	NA	NA	NA
NA	NA	NA	NA
NA	NA	NA	NA
NA	NA	NA	NA
NA	NA	NA	NA
NA	NA	NA	NA
NA	NA	NA	NA
NA	NA	NA	NA
NA	NA	NA	NA
NA	NA	NA	NA
NA	NA	NA	NA
NA	NA	NA	NA
NA	NA	NA	NA
NA	NA	NA	NA
NA	NA	NA	NA
NA	NA	NA	NA
NA	NA	NA	NA
NA	NA	NA	NA
NA	NA	NA	NA
NA	NA	NA	NA
NA	NA	NA	NA
NA	NA	NA	NA
NA	NA	NA	NA
NA	NA	NA	NA
NA	NA	NA	NA
NA	NA	NA	NA
NA	NA	NA	NA
NA	NA	NA	NA
NA	NA	NA	NA
NA	NA	NA	NA
NA	NA	NA	NA
NA	NA	NA	NA
NA	NA	NA	NA
NA	NA	NA	NA
NA	NA	NA	NA
NA	NA	NA	NA
NA	NA	NA	NA
NA	NA	NA	NA
NA	NA	NA	NA
NA	NA	NA	NA
NA	NA	NA	NA
NA	NA	NA	NA
NA	NA	NA	NA
NA	NA	NA	NA
NA	NA	NA	NA
NA	NA	NA	NA
NA	NA	NA	NA
NA	NA	NA	NA
NA	NA	NA	NA
NA	NA	NA	NA
NA	NA	NA	NA
NA	NA	NA	NA
NA	NA	NA	NA
NA	NA	NA	NA
NA	NA	NA	NA
NA	NA	NA	NA
NA	NA	NA	NA
NA	NA	NA	NA
NA	NA	NA	NA
NA	NA	NA	NA
NA	NA	NA	NA
NA	NA	NA	NA
NA	NA	NA	NA
NA	NA	NA	NA
NA	NA	NA	NA
NA	NA	NA	NA
NA	NA	NA	NA
NA	NA	NA	NA
NA	NA	NA	NA
NA	NA	NA	NA
NA	NA	NA	NA
NA	NA	NA	NA
NA	NA	NA	NA
NA	NA	NA	NA
NA	NA	NA	NA
NA	NA	NA	NA
NA	NA	NA	NA
NA	NA	NA	NA
NA	NA	NA	NA
NA	NA	NA	NA
NA	NA	NA	NA
NA	NA	NA	NA
NA	NA	NA	NA
NA	NA	NA	NA
NA	NA	NA	NA
NA	NA	NA	NA
NA	NA	NA	NA
NA	NA	NA	NA
NA	NA	NA	NA
NA	NA	NA	NA
NA	NA	NA	NA
NA	NA	NA	NA
NA	NA	NA	NA
NA	NA	NA	NA
NA	NA	NA	NA
NA	NA	NA	NA
NA	NA	NA	NA
NA	NA	NA	NA
NA	NA	NA	NA
NA	NA	NA	NA
NA	NA	NA	NA
NA	NA	NA	NA
NA	NA	NA	NA
NA	NA	NA	NA
NA	NA	NA	NA
NA	NA	NA	NA
NA	NA	NA	NA
NA	NA	NA	NA
NA	NA	NA	NA
NA	NA	NA	NA
NA	NA	NA	NA
NA	NA	NA	NA
NA	NA	NA	NA
NA	NA	NA	NA
NA	NA	NA	NA
NA	NA	NA	NA
NA	NA	NA	NA
NA	NA	NA	NA
NA	NA	NA	NA
NA	NA	NA	NA
NA	NA	NA	NA
NA	NA	NA	NA
NA	NA	NA	NA
NA	NA	NA	NA
NA	NA	NA	NA
NA	NA	NA	NA
NA	NA	NA	NA
NA	NA	NA	NA
NA	NA	NA	NA
NA	NA	NA	NA
NA	NA	NA	NA
NA	NA	NA	NA
NA	NA	NA	NA
NA	NA	NA	NA
NA	NA	NA	NA
NA	NA	NA	NA
NA	NA	NA	NA
NA	NA	NA	NA
NA	NA	NA	NA
NA	NA	NA	NA
NA	NA	NA	NA
NA	NA	NA	NA
NA	NA	NA	NA
NA	NA	NA	NA
NA	NA	NA	NA
NA	NA	NA	NA
NA	NA	NA	NA
NA	NA	NA	NA
NA	NA	NA	NA
NA	NA	NA	NA
NA	NA	NA	NA
NA	NA	NA	NA
NA	NA	NA	NA
NA	NA	NA	NA
NA	NA	NA	NA
NA	NA	NA	NA
NA	NA	NA	NA
NA	NA	NA	NA
NA	NA	NA	NA
NA	NA	NA	NA
NA	NA	NA	NA
NA	NA	NA	NA
NA	NA	NA	NA
NA	NA	NA	NA
NA	NA	NA	NA
NA	NA	NA	NA
NA	NA	NA	NA
NA	NA	NA	NA
NA	NA	NA	NA
NA	NA	NA	NA
NA	NA	NA	NA
NA	NA	NA	NA
NA	NA	NA	NA
NA	NA	NA	NA
NA	NA	NA	NA
NA	NA	NA	NA
NA	NA	NA	NA
NA	NA	NA	NA
NA	NA	NA	NA
NA	NA	NA	NA
NA	NA	NA	NA
NA	NA	NA	NA
NA	NA	NA	NA
NA	NA	NA	NA
NA	NA	NA	NA
NA	NA	NA	NA
NA	NA	NA	NA
NA	NA	NA	NA
NA	NA	NA	NA
NA	NA	NA	NA
NA	NA	NA	NA
NA	NA	NA	NA
NA	NA	NA	NA
NA	NA	NA	NA
NA	NA	NA	NA
NA	NA	NA	NA
NA	NA	NA	NA
NA	NA	NA	NA
NA	NA	NA	NA
NA	NA	NA	NA
NA	NA	NA	NA
NA	NA	NA	NA
NA	NA	NA	NA
NA	NA	NA	NA
NA	NA	NA	NA
NA	NA	NA	NA
NA	NA	NA	NA
NA	NA	NA	NA
NA	NA	NA	NA
NA	NA	NA	NA
NA	NA	NA	NA
NA	NA	NA	NA
NA	NA	NA	NA
NA	NA	NA	NA
NA	NA	NA	NA
NA	NA	NA	NA
NA	NA	NA	NA
NA	NA	NA	NA
NA	NA	NA	NA
NA	NA	NA	NA
NA	NA	NA	NA
NA	NA	NA	NA
NA	NA	NA	NA
NA	NA	NA	NA
NA	NA	NA	NA
NA	NA	NA	NA
NA	NA	NA	NA
NA	NA	NA	NA
NA	NA	NA	NA
NA	NA	NA	NA
NA	NA	NA	NA
NA	NA	NA	NA
NA	NA	NA	NA
NA	NA	NA	NA
NA	NA	NA	NA
NA	NA	NA	NA
NA	NA	NA	NA
NA	NA	NA	NA
NA	NA	NA	NA
NA	NA	NA	NA
NA	NA	NA	NA
NA	NA	NA	NA
NA	NA	NA	NA
NA	NA	NA	NA
NA	NA	NA	NA
NA	NA	NA	NA
NA	NA	NA	NA
NA	NA	NA	NA
NA	NA	NA	NA
NA	NA	NA	NA
NA	NA	NA	NA
NA	NA	NA	NA
NA	NA	NA	NA
NA	NA	NA	NA
NA	NA	NA	NA
NA	NA	NA	NA
NA	NA	NA	NA
NA	NA	NA	NA
NA	NA	NA	NA
NA	NA	NA	NA
NA	NA	NA	NA
NA	NA	NA	NA
NA	NA	NA	NA
NA	NA	NA	NA
NA	NA	NA	NA
NA	NA	NA	NA
NA	NA	NA	NA
NA	NA	NA	NA
NA	NA	NA	NA
NA	NA	NA	NA
NA	NA	NA	NA
NA	NA	NA	NA
NA	NA	NA	NA
NA	NA	NA	NA
NA	NA	NA	NA
NA	NA	NA	NA
NA	NA	NA	NA
NA	NA	NA	NA
NA	NA	NA	NA
NA	NA	NA	NA
NA	NA	NA	NA
NA	NA	NA	NA
NA	NA	NA	NA
NA	NA	NA	NA
NA	NA	NA	NA
-0.046126783	0.256699377	0.628165432	7
0.25621065	0.262413798	0.485417646	7.1
0.288810644	0.426137554	0.413178228	8.9
-0.08991426	0.132334238	0.215756063	8.4
0.416417741	0.472323411	0.615049243	8
-0.173581311	0.119071727	0.133579615	8.5
0.000655539	0.162221381	0.296030823	8.5
-0.302132921	0.020343494	0.205069934	8.1
NA	NA	NA	NA
-0.07052002	0.179965724	0.265878397	8.7
0.191709365	0.231768987	0.307845568	7.5
-0.369244325	0.027228922	0.148163888	NA
0.218088956	0.39811999	0.516929261	8.7
-0.897318095	-0.466384661	0.042694568	8.2
-0.207139642	0.209192952	0.558819071	8.7
0.117313042	0.407797866	0.433783238	8.6
-0.279966268	0.102010626	0.181776352	8.7
-0.165629479	0.098808996	0.343413454	9.2
0.066152962	0.384932063	0.505837995	8.6
-0.474703849	-0.280106991	-0.176593903	7.6
-0.071346844	0.152685764	0.24136296	9
-0.221576273	0.152506041	0.406724489	8.6
-0.737464162	-0.491072742	-0.19667779	8
-0.769988412	-0.175592697	0.06626368	7.9
-0.855810235	-0.310658433	-0.196028154	8.7
NA	NA	NA	NA
-0.472276654	-0.105894671	0.034657893	8.8
-0.048740208	0.05814879	0.471473987	8.7
NA	NA	NA	NA
NA	NA	NA	NA
-0.240883294	0.184026687	0.137404818	8.9
0.02438859	0.48380219	0.406997766	9.4
-0.650465724	-0.003158519	-0.196663856	7.7
-0.087550165	0.019853505	0.308926286	8.7
0.295434199	0.521353564	0.756093216	8.1
0.160204685	0.275494328	0.410425624	8.5
-0.828549213	-1.06298162	-0.121992262	8
-1.995635195	-0.452125041	0.071337131	9.2
-0.047141815	0.007881295	-0.095967132	8.5
0.060586714	0.241716197	0.400135681	8.9
0.004115591	0.25240711	0.673968433	8.1
0.310979018	0.395709695	0.28438914	8.4
-0.325243186	-0.075296805	0.028856059	8.1
-0.227618608	-0.002423996	0.07528382	8.8
0.072169233	0.207604122	0.454113726	8
-1.995635195	-0.888770519	-0.205401697	8.2
-0.267081287	0.262102998	0.457064252	7.2
0.140303379	0.352895601	0.327498512	8.6
-0.478146139	-0.217592932	0.243178893	7.7
0.355901091	0.531889076	0.465648051	8.2
-0.347591043	0.162674617	0.130687536	9
-0.952745973	-0.589358462	-0.312327897	9.3
-0.712926401	-0.133481662	0.056079452	8.1
-0.441561475	0.102473544	0.196004687	8.9
-0.377466651	-0.103985328	0.313367342	8.9
0.261710462	0.372506119	0.526251809	9.1
0.136844618	0.403959059	0.593730187	8.4
0.247422439	0.612050017	0.880476963	8.2
-1.080022087	-1.171445135	-0.353075534	8.4
-1.995635195	-1.995635195	-0.602128604	8
-0.332443354	0.080483353	0.511664958	8.8
-0.106454193	-0.006507443	0.442643805	8.3
-0.154256779	0.12663706	0.245843002	7.7
-0.331851382	-0.019695784	0.483383796	7.8
-0.184714088	-0.134823205	0.372432028	6.1
NA	NA	NA	NA
-0.059027019	0.28162469	0.537150542	8
NA	NA	NA	NA
0.273756359	0.418636688	0.717990169	7.2
NA	NA	NA	NA
-0.300379171	0.008114872	-0.337619373	7.1
NA	NA	NA	NA
-0.426509034	-0.393973641	0.338920086	8.4
0.36401326	0.698897235	0.757634167	9.2
-0.584640391	-0.186216948	0.049286859	7.8
0.252251971	0.190056915	0.26418045	9.1
-0.114445332	-0.041010809	-0.014352514	8
-0.310292054	-0.186834656	-0.009236454	9.5
-1.536663375	-0.841929345	-0.197771074	8.2
NA	NA	NA	8.6
0.103096974	0.406894689	0.532821126	6.3
0.323408456	0.581304692	0.833107473	8.5
NA	NA	NA	NA
-0.553613604	-0.166723002	-0.176303431	8.4
-0.298689898	-0.19707335	0.110367	NA
-0.189019845	0.036441915	0.335414187	7.8
-0.203223214	0.173687339	0.505464134	NA
0.022768235	0.151679295	0.319128218	8
0.064110122	0.603077313	0.850809188	8.5
-0.086700789	0.336511273	0.718973793	9.3
-0.460304457	-0.028236656	-0.146715559	8.3
-0.023250484	-0.020746174	0.19147441	8.1
-0.31689543	-0.570252067	-0.087639292	7.6
-0.22832222	0.028476867	0.376929981	8.7
NA	NA	NA	NA
0.182927354	0.3779434	0.531645787	8.5
NA	NA	NA	NA
-0.453871633	0.054043205	0.221130623	8.3
-0.178176544	0.109486794	0.352210116	7.5
-0.055438587	0.373812319	0.497480749	8.5
0.008066441	0.39947898	0.523365656	8.4
-0.440853458	-0.188069252	0.225974163	8.4
-0.184504073	0.033359285	0.36703335	8.3
-0.082336074	0.356590917	0.741320128	6.8
0.456711425	0.478019486	0.478019486	7.2
0.182936502	0.477360643	0.587754074	8.6
0.042515128	0.308876756	0.578429627	7.5
0.042526865	0.262866004	0.519547655	8.5
-0.515724463	0.022188319	0.148765546	8
-0.864959065	-0.222312702	0.223116257	8.5
-0.326092112	0.034020204	0.40527428	7.6
0.112340684	0.54094618	0.792721247	8.7
0.016510258	0.592597864	0.704018218	8.5
-0.159300571	0.080274204	0.109577034	7.7
-0.164215055	-1.129091659	0.292552538	8.5
-0.498314676	-0.079885172	0.304428659	7.5
-0.364264721	0.036012431	0.148917266	8.7
-0.332672173	-0.202161135	0.016901936	7.4
-1.995635195	-0.092580142	0.17180192	7.8
-0.068064502	0.277511746	0.61880897	7.3
-0.095244456	0.17407751	0.50596059	7.8
-0.250311749	0.05944682	0.28185353	7.3
-0.697283434	-0.163752705	0.242042578	8.6
NA	NA	NA	8.4
-0.152954163	0.010483479	0.551368846	7.8
-0.322238222	-0.49411713	-0.195910062	8.4
0.248529069	0.411020277	0.377327124	8.5
-0.177661342	0.224347669	0.523045812	8.7
-0.105294936	0.391723008	0.578899959	8.8
-0.198066425	-0.239872112	0.662317006	9.1
0.47720222	0.697951653	0.779851626	8
-0.055183767	0.128128779	0.614918022	7.7
0.452516518	0.727227755	0.918738379	8.7
-1.054373786	-0.524986	-0.149400678	8.6
0.863076157	0.868198148	0.876374286	7.8
-0.416375447	-0.191178597	0.154230181	8.7
0.242840284	0.197654829	0.247631387	8.6
-0.423635099	0.345856648	0.319655738	8.1
0.166781006	0.543824174	0.708118292	8.1
-0.016546553	0.04830468	0.019305155	7.9
0.133646606	0.284797044	0.531242309	8
0.101369234	0.430807433	0.784310008	8.1
-0.359468183	-0.12507149	0.271184619	8.9
-0.155920111	0.088664223	0.129969653	8.2
-0.100847513	0.43797419	0.56092459	7.9
-0.352127081	-0.063023675	0.306695815	8.2
0.073787338	0.217007347	0.495373378	8.4
0.509707117	0.591628077	0.607797122	8.7
0.46321048	0.611286297	0.893835381	7.8
0.436112611	0.639171909	0.877616729	8.9
-1.995635195	-0.51098215	-0.143536078	7.8
-0.149254393	0.146005756	0.515309555	7.9
-0.195760385	0.457034693	0.675397852	8
-0.334846295	0.311906471	0.648726666	8.1
0.022133653	0.251711991	0.537416115	7.9
0.093532365	0.027467771	0.587782779	8.3
-0.50593904	-0.221653242	0.025227888	8.1
0.115164056	0.081419813	0.451837614	8.2
-0.216771062	0.048786184	0.441695899	8.2
-0.437096078	-0.01064686	0.224563939	8.8
-0.148550774	0.082781923	0.795742674	8.3
-0.350129426	-0.621519565	0.062681254	8.7
-0.622689764	-0.341778718	-0.189212866	8
-0.127305012	0.217778074	0.463320515	8.9
-0.343687316	-0.178786708	-0.010098594	7.4
-0.428313395	0.362745159	0.429146763	8.4
-0.038520173	0.09461873	0.081033251	7.1
0.166886407	0.255118974	0.394491254	8
-0.365612858	-0.098648314	0.3249161	8
0.270884257	0.516729463	0.527566328	8
-0.227376618	0.039265408	0.024354966	7.6
0.098185828	0.259368301	0.555961505	8
0.597549702	0.809723833	0.956652233	8.1
0.183368222	0.493088998	0.476431494	8.5
-0.444596848	-0.321319299	0.050253329	8.1
0.181953825	-0.123793195	0.163929616	8.2
NA	NA	NA	8.1
NA	NA	NA	7.5
NA	NA	NA	8.5
NA	NA	NA	7.6
-0.456090922	-0.116540291	0.458828441	8.2
-0.387481903	-0.177278129	0.080527707	7.7
0.038395556	0.204751476	0.490437321	8.5
-0.083612567	0.205352544	0.628813289	8.3
-0.078933328	0.293875726	0.786862014	7.3
-0.631881265	-0.752906507	0.015346489	7.6
-0.277592684	0.060771189	0.363716815	7.4
-0.618897009	-0.208443721	-0.121943189	7.6
0.050430156	0.073850146	0.239185221	8.2
-0.148034668	0.446615944	0.778117473	9.1
0.125817653	0.249468864	0.569260957	9.1
-0.077800189	0.289648191	0.46365	8.3
-0.734717018	-0.292459733	0.179422597	8
-0.239395966	0.124778125	0.345667927	8.3
0.305448386	0.703082051	0.89716759	8.4
-0.234365543	0.040560211	0.107431027	8.1
0.165322807	0.532724528	0.783615507	8.1
-0.091200798	0.267033164	0.573325274	8.2
0.53115245	0.834388426	0.806900601	7.5
0.303104795	0.384913585	0.666507436	8.5
-0.271066772	-0.135353972	0.353083945	8.4
-0.260427793	0.12028131	0.172367579	8.8
-0.437879739	0.224917214	0.662001106	8.3
-0.234386618	-0.014255366	0.09319721	8
-0.511471927	0.059866225	0.370679595	8.6
NA	NA	NA	7.1
0.014132118	0.452415782	0.554583493	8.1
-0.27225854	0.12784206	0.489759127	7.7
0.012808635	0.019433185	0.193466662	8.2
-0.227383225	0.046941093	0.237399364	8.1
-0.08446683	0.15592076	0.480055663	8.2
-1.995635195	-1.095571662	-0.693040977	8.5
-0.514298712	-0.7102246	-0.531126148	7.9
-0.46791818	-0.279086811	-0.120762423	7.8
-0.442833536	-0.020676297	0.262589631	8.7
-0.003732906	-0.048910319	0.419227822	9
0.428980212	0.618124617	0.581230369	8.4
-0.280654461	0.199246474	0.244874408	8
-0.207941355	0.22195898	0.474901179	8.9
-0.831577571	-0.169629881	0.078744122	8.9
-0.296860993	0.163357699	0.183744666	8.6
-0.59634835	0.24926857	0.410840121	8.3
-0.183185507	0.197296991	0.125051415	8.6
-0.156052484	0.199626261	0.174115729	9.1
-0.080178849	0.344148944	0.473826038	7.7
0.066711877	0.318527278	0.512602494	8.1
NA	NA	NA	8.1
NA	NA	NA	8.2
-1.030080189	-0.559994973	0.026777493	7.6
NA	NA	NA	8.1
-0.525725533	-0.314988362	0.118483651	8
0.314180953	0.349119722	0.329301485	7.4
0.696057649	0.799910987	0.881425356	7.9
-0.219770103	0.023049606	0.672495687	7.4
-0.085586159	0.123167082	0.340973077	8.3
-0.564041827	-0.128013624	0.044026446	7.8
0.133116136	0.625757004	0.772566589	7.8
-0.124953106	0.42175746	0.83637344	7.8
-0.195768534	0.414119441	0.670532156	8.2
-0.321071357	-0.239147766	0.165151678	7.7
-0.369101053	-0.018429245	0.067067465	7.9
-0.015051121	0.061556532	0.354394405	7.6
-0.76667082	-0.351144897	0.183762679	7.3
-1.995635195	-1.995635195	-1.995635195	7.4
-0.047507926	0.215092786	0.441522814	7.5
-0.059703686	0.349587432	0.573263729	8.5
-0.450923656	-0.331531432	0.40818647	8.3
NA	NA	NA	8.3
NA	NA	NA	8.1
-0.574776352	-0.177349234	0.126222818	8.5
NA	NA	NA	7.5
NA	NA	NA	8
-1.100998428	-0.097989604	0.100227289	8.2
-0.430211036	0.12958462	0.63665965	7.5
-0.926442722	-0.431305336	0.0840235	7.8
-0.819004146	-0.415264249	-0.002979985	7.8
-0.068804008	-0.256658618	0.09187026	7.7
-0.234696958	0.054161756	0.184394496	7.4
-0.196368387	-0.221458878	0.007578311	7.6
0.141404152	0.482163533	0.698271193	7.1
-0.113642376	0.175178015	0.413790365	8.4
0.092483376	0.650079937	0.882795034	8.2
-0.268796614	0.055692478	0.271965397	7.9
-0.82133769	-0.197024299	0.066415418	8.1
-1.995635195	-0.594778554	-0.124690376	8.5
0.164087363	0.351152376	0.40056121	7.8
-0.465890258	0.004514959	-0.096251723	7.9
NA	NA	NA	NA
-0.561940648	-0.435306037	-0.556957341	7.7
-1.995635195	-1.244639891	-0.122554605	8.3
-0.948382462	0.164965615	0.106119553	8
-0.224591259	-0.411816514	-0.434272249	8.5
-0.387413838	-0.127796356	-0.074265977	7.5
-0.42704515	0.025167335	0.046869487	8.4
0.459605314	0.473403415	0.457639041	9.3
0.20803394	0.480023961	0.706531194	7.6
-0.062930146	0.125611047	0.241779854	8.7
NA	NA	NA	7.5
-0.031712085	0.070334935	0.172642775	8.5
NA	NA	NA	8.2
-0.724497279	-0.191615852	0.249274059	8.4
-0.331049475	0.085817965	0.100518184	8.7
0.097511828	0.395120932	0.361153892	7.9
0.208532991	0.419698242	0.607226748	8
0.17902157	0.250975484	0.463479369	8.5
0.317019379	0.569329929	0.71615641	7.1
0.241341285	0.687508004	1.0557297	8.3
-0.641931503	-0.161578876	0.225427597	7.7
-0.113727961	0.043157682	0.128357204	8.2
0.039043955	0.413632055	0.742516329	8
-0.232622583	0.167501449	0.398769723	9.1
-0.259389071	0.285300226	0.387449442	8.1
0.612393486	0.598289895	0.619329423	8.9
0.020609643	0.068656326	0.329536553	8.2
-0.165339044	0.259948115	0.213798311	8.9
-0.064827686	0.077745761	0.092668604	7.9
-0.636641052	-0.323951137	-0.141139131	8.5
0.338455193	0.628962217	0.650599063	7.5
0.14911015	0.316933094	0.433890607	8.5
-0.303438118	-0.670431559	-0.301215077	8.5
-0.671976258	-0.41622652	0.131001951	7.5
-0.803484113	-0.410467315	-0.109378547	8.5
-0.415078304	-0.185421783	0.061895093	8.4
0.217216228	0.496021145	0.748366413	7.4
0.220796131	0.08103601	-0.056146965	7.1
-0.308676763	0.035045138	0.509503999	8.6
-0.096101959	-0.171669313	-0.075667525	7.8
0.11835263	0.42279586	0.560732684	8.5
0.108393891	0.394651183	0.631250354	7.9
-0.221151861	-0.068558703	0.177626061	8
-0.233259288	0.099330382	0.41109592	7.7
-0.509737771	0.151508035	0.491998102	7.7
0.009603979	0.379972337	0.451118365	8.4
0.083153641	0.402443162	0.713455207	7.5
0.406609195	0.551711015	0.800179101	8.1
0.166785375	0.409986732	0.645313306	7.5
-0.390195866	0.003616145	0.597802764	8
0.510519891	0.635185874	0.675197799	8.1
-0.068020116	0.14095252	0.171392364	7.8
-1.995635195	-0.280253756	-0.549069572	8.3
0.004897785	0.104931311	0.431574415	8
NA	NA	NA	8
-0.34256202	-0.18716553	-0.001822233	8
NA	NA	NA	8
-0.314796605	0.125686345	0.369099193	8.5
-0.519300827	-0.090364591	0.038154856	7.8
-0.030740976	0.058293324	0.381425086	7.6
-0.496575205	0.239411971	1.169263628	8.4
-0.58344734	-0.468538402	-0.084183046	7.4
-0.709573517	-0.212524685	-0.165879783	8.1
-0.689079908	-0.113207685	0.574475702	8
0.140494113	0.370768053	0.581194824	8
-0.49773571	-0.25357604	-0.292952775	7.3
0.178924485	0.299833674	0.453753962	7.6
NA	NA	NA	8.1
-0.160525311	-0.00393326	0.402885028	7.2
-0.395296109	0.268153414	0.487632457	8.1
-0.347940722	-0.167509193	0.187624987	7.6
0.152687554	0.600255562	0.530868604	8.1
0.22200056	0.254805109	0.803377623	8
-0.294016481	0.03038754	0.127109318	7.8
0.41797755	0.529488958	0.62367114	7.6
-0.461444511	-0.136483488	0.123231234	7
-0.546199648	-0.192713183	0.172903428	8.3
NA	NA	NA	7.5
NA	NA	NA	8.3
0.183879817	0.418599524	0.41149753	8.3
0.39071791	0.560857122	0.681383361	7.5
0.194317238	0.43051636	0.509056702	8.6
-0.495249443	-0.018530475	0.212873704	7.8
-0.387623427	-0.164216444	0.192563815	8
-0.094179467	0.420076676	0.622639108	8.2
-0.782136203	-0.152223828	0.153522184	7.2
-0.403201804	0.110547562	0.40317321	7.5
-0.368975348	-0.272113137	-0.361976183	7.4
0.070679601	0.397986708	0.627956417	7.5
-0.530871852	-0.06889013	0.141852422	8.2
0.206734708	0.463685163	0.5505255	8.1
-0.129619219	-0.02400739	0.499379112	8.5
0.142854257	0.550938383	0.782090745	9.5
0.130443582	0.48844915	0.749370645	8.5
0.122202592	0.585603699	0.844639691	8.5
-0.329869528	-0.280386064	0.143860274	8.1
0.05516209	0.296682667	0.398151372	8.3
0.463434506	0.50458756	0.639431813	7.8
-0.070153887	0.254365599	0.680125924	7.5
-0.094306853	0.201909282	0.195744792	7.7
-0.153678622	0.066282356	0.445928304	8.1
-0.21494953	0.001599148	0.170050174	7.9
-0.062078618	-0.151806715	0.229734677	7.7
-0.690996698	-0.423409006	-0.080835661	8.6
-0.713538529	-0.660528191	-0.41718375	7.6
-0.015769686	0.553765171	0.50854804	8.5
-0.201634573	0.333345621	0.588074604	7.5
-0.405358917	-0.035102976	-0.104308439	8.2
-0.529791835	0.043177335	0.350912654	7
-0.036885881	0.127562969	0.226419938	7.5
-0.350384003	0.169008478	0.429592501	8
-0.44184612	-0.009828939	0.071639005	8.5
-0.348938578	0.034762106	0.603030049	7.9
-0.244271041	0.01372394	0.671805681	7.6
-0.67065024	-0.402897724	-0.071394218	8.2
-0.198379263	-0.098213723	0.481887817	8.5
-0.563266217	-0.234623228	0.037525282	7.7
-0.063557955	0.247795851	0.289713881	7.7
0.114193232	0.509863364	0.637733404	8.4
-0.431282365	0.067794158	0.258373887	8
-0.72411604	0.089912227	0.079958436	8.5
-0.027773743	0.219812195	0.340867627	7.3
-1.995635195	-0.636792946	0.124828201	7.8
0.021516603	0.508891557	0.477369887	8.5
-0.830606931	-0.207663413	-0.103554372	7.9
-0.969114143	-1.319689887	-0.218456802	8.4
-0.702833617	-0.677078268	0.264893417	NA
-0.118393628	0.454352233	0.801869365	8.1
0.005791424	0.360373191	0.687051027	8.1
NA	NA	NA	7.8
0.02201916	0.259128486	0.485594779	8.6
0.280554718	0.558696828	0.647984486	8
-0.148933672	-0.008742542	0.178842144	7.7
-0.173724894	0.162602769	0.089720167	7.4
0.188914585	0.358460245	0.385593281	8.5
-0.299328675	0.024038341	0.371700525	7.9
-0.400646698	0.082659485	0.736228165	8.2
-0.784959546	-0.731867236	-0.508746509	7.7
-0.396517334	-0.124701467	0.223811397	7.6
0.188784678	0.560649461	0.854791104	7.7
-0.315719842	0.12566014	0.602268897	7.1
0.310024582	0.366791806	0.444896867	7.8
0.092940646	0.37810037	0.735865337	8.5
-1.995635195	-0.087120685	-0.068578195	8.1
-0.496114125	-0.16134877	-0.094873107	8.1
-0.202036717	0.207331801	0.317045386	7.3
-0.076621511	0.248983642	0.37028374	8.2
-0.132441165	0.272609894	0.425786368	7.2
-0.105700082	0.219551528	0.396026643	7.3
-0.723242597	-0.436198357	-0.093176749	8.1
0.103629647	0.239476817	0.479658762	8.4
-0.173937286	0.205660334	0.590120777	7.2
0.39657408	0.50047931	0.785024267	7.3
-0.641163121	-0.09122612	0.23390248	7.5
-0.011333752	0.605265388	0.7837464	7.3
-0.123834269	-0.163186103	0.111117001	8.2
0.212896704	0.282886126	0.599779501	8.2
-0.403984707	0.394984332	0.294928201	7.5
0.029539363	0.427403877	0.437671321	7.9
-0.405850682	-0.059345916	0.152219649	8.5
-0.353214408	-0.035859189	0.406105176	7.5
-0.505307558	-0.118593264	0.363086552	7.4
-0.086876918	0.19116701	0.500003308	7.6
0.199926565	0.204008761	0.39047566	8
-0.205692106	0.238019437	0.43606826	8.4
-0.247734921	0.028386753	0.356364115	7.3
-0.697811481	-0.580944566	-0.16689161	7.3
0.474177979	0.549864846	0.622115789	8.2
-0.090853068	0.094462268	0.591583533	7.5
-0.235565251	0.138416359	0.281479012	7.9
0.157060174	0.40745133	0.64405148	8
-0.530264683	-0.027816963	0.056337318	8.1
-0.466059304	-0.461107921	0.037763752	7.5
0.44964488	0.598933308	0.457979251	8.5
0.574652796	0.850194384	0.984503545	7.4
0.359393611	0.490319544	0.562737594	7.6
0.370813732	0.562167446	0.854085902	7.2
-0.517086866	-0.061965891	0.208228957	7.6
-0.337025407	0.35822663	0.481391801	7.1
-0.973843245	-0.61080453	-0.657020314	7.8
-0.463237553	0.108621391	0.319182156	8.3
0.313868052	0.752527709	0.80550434	8.1
-0.906835617	0.00172163	0.416281465	8.5
0.180344912	0.437538062	0.452169919	8.2
0.107674152	0.428930253	0.45852121	7.9
-0.580988915	-0.53365372	-0.284826716	7.5
-0.479742429	-0.254623792	-0.161062269	8.3
NA	NA	NA	8.2
-0.999393713	-0.094753232	0.510736501	7.4
0.556276899	0.505401517	0.889142346	8.2
0.246803027	0.474760953	0.609857229	8
-0.299952636	0.104725612	0.710490368	8.3
-0.172774116	-0.119924675	0.132838884	8.1
-0.398873048	-0.353634173	-0.03097326	7.9
-0.251117828	0.023591235	-0.10080035	8.4
0.16486814	0.648038575	0.733984528	7.4
0.313887663	0.585839804	0.692587702	8.1
-0.288620738	0.057991947	0.307905514	7.6
-0.216974015	0.124884256	0.332951709	7.9
-1.995635195	-1.175027463	-1.01234949	8.2
-0.31594088	0.131304973	0.097402924	NA
0.515197044	0.644904893	0.702375847	8.4
-0.806698165	-0.702313963	-0.527250298	8
0.103715745	0.057150708	0.229327255	8
-0.49524308	0.179564876	0.337248417	8.1
-0.466682883	0.243058126	0.246805452	8
-0.438131694	-0.381331107	-0.129756998	8.2
-0.5996893	-0.36304921	-0.163730759	7.5
-0.548227066	-1.995635195	-0.226354744	7.5
NA	NA	NA	7.8
-0.059729163	-0.002740037	0.231870391	8.3
0.493083557	0.410173015	0.703146858	8.3
-0.120308633	0.597503644	0.74854429	7.9
0.484496876	0.562627575	0.658435993	8
0.068909614	0.315070669	0.56900513	7.5
-0.301366446	-0.077814287	0.001096603	7.6
-0.89924809	-0.596684312	-0.517385222	7.5
-0.714073301	-0.425191739	-0.338144591	7.9
-0.004125068	0.605475947	0.667330421	8.4
0.073765332	0.423821934	0.721905355	7.9
0.382363751	0.518999141	0.529502135	7.3
-0.35728592	0.078884532	0.33688575	7.8
0.402821984	0.63458175	0.958168862	8.2
-0.190645039	0.164910965	0.790656188	7.9
-0.295123176	-0.074210954	0.579558402	8.3
-0.452300817	-0.456160163	-0.066008562	7.7
0.149463671	0.412119197	0.685940466	7.7
0.028815055	0.466663443	0.676489834	8
-0.428723757	-0.113115941	0.446853801	8.7
-0.520051525	0.059527807	0.566790347	8.3
0.367429815	0.823654905	0.923155063	8.2
0.016570389	0.143992948	0.685291263	8.5
-0.346469246	-0.24677936	0.150660198	7.8
-0.769114232	-0.785452083	-0.194210897	7.5
0.054185096	0.216897254	0.49532716	8
-0.162754846	0.118852043	0.230602008	7.6
0.175182122	0.344328878	0.566125412	8.2
-0.754837885	-0.273908525	-0.117320695	8.3
-0.184827703	0.26613208	0.424147094	8
0.314905451	0.801290629	0.944544042	7.7
-0.24813426	0.045907341	0.219927862	8.1
-0.769348289	-0.344590545	-0.008996422	8
0.670513642	0.940040473	0.909651141	7.6
0.269988896	0.290208478	0.821945449	8
NA	NA	NA	8.7
0.038863632	0.225848042	0.367769527	7.7
0.193441552	0.373119658	0.534901395	8.2
0.119622368	0.124599841	0.647027137	8
-0.508785597	0.333280299	0.626100599	7.9
0.059201525	0.091992046	0.641008694	8.7
-0.400658218	0.025780128	0.23571471	8.4
-0.88397477	-0.412481653	-0.362941744	8.5
-0.211543681	0.157814856	0.47383388	8.2
-0.431721425	-0.128238727	0.244076539	7
-0.160431844	0.499709142	0.722725896	9.1
-0.27589809	0.082649803	0.416016813	7.9
-0.12596528	-0.036473472	0.019727533	8
-0.017147726	0.331927982	0.661301693	7.5
-0.859611706	-1.096972723	-0.973950722	7.3
0.376918661	0.78035874	0.898433702	8.6
0.042663974	0.098674082	0.452723878	8.8
-0.211585326	0.393928324	0.635160973	8.1
0.205872955	-0.034577496	0.357277453	8.6
-0.129098385	0.086399883	0.567907859	8.5
-0.193958194	-0.096096121	0.442882234	9.1
-0.106611587	0.095722946	0.273902232	8
-1.232970012	0.25085786	0.381753024	8.2
-0.654366473	-0.464893747	0.224956094	8.3
-0.22743056	-0.025949603	0.131079688	7.9
-1.995635195	-0.211895409	0.215512326	8.5
-0.004935997	0.465205707	0.666272203	8.5
-0.454755641	-0.121699888	0.240857565	7.4
0.058599241	0.342195748	0.367097598	8.6
-0.030487332	0.186406628	0.20021016	8
-0.46175893	0.233946785	0.360075966	8.2
-0.329983679	-0.036934088	0.492453288	8.2
-0.222984205	0.044713062	0.303892391	7.9
-1.995635195	-0.220497322	-0.227526522	8.6
-1.995635195	-1.995635195	-0.592832108	8.1
-0.186598428	0.373927916	0.765621408	8.3
0.039086384	-0.251775089	0.149353206	8.2
0.18793485	0.715955065	0.645767459	7.9
-1.297198565	-0.235844577	0.019741224	8.5
-0.555319528	-0.184231355	0.070097867	7.7
0.102038615	0.666398632	0.774124556	8.2
0.054860755	0.355323465	0.371961166	8.4
0.06525749	0.430198372	0.574039028	7.3
0.114814169	0.247438233	0.253384666	8.1
0.247915649	0.585257556	0.648097396	8.5
-0.118819065	0.504070556	0.556121595	8
-0.994943807	-0.214389533	0.113677512	7.8
-1.053731252	-0.398218088	-0.115301535	7.8
0.276761623	0.725622931	0.800790074	7.5
-0.214597121	0.261936933	0.690744869	8
NA	NA	NA	8
0.163753378	0.514156872	0.593334621	8.8
-0.503734694	-0.339822348	-0.010732152	7.2
-0.191609416	0.362058545	0.582294942	8.5
NA	NA	NA	8.3
-1.603758664	-0.803315094	-0.447095442	7.4
-0.427082446	-0.06619966	-0.077314687	7.5
-0.149711921	0.195967369	0.388016126	7.3
0.386585258	0.607083749	0.794180348	8.5
0.0242118	0.040712964	-0.102144273	8
-0.224541578	0.237455893	0.222245789	8.4
-0.620410492	-0.46073378	0.206355138	7.5
-0.704800292	-0.639745856	0.274124761	7.6
0.314872255	0.460177044	0.661199192	8
0.175812883	0.287767304	0.285536515	7.7
-0.543253858	-1.507675369	-0.736832924	7.9
0.084934415	0.255761028	0.441454745	7.6
-0.039892424	-0.117188506	0.346364324	8.4
-0.081102721	-0.068801471	0.390366079	8
-0.551901064	-0.338753782	0.027684884	8
-0.651234818	-0.63028697	-0.008913546	7.7
-0.12450571	0.266477521	-0.032397086	7.9
-0.26357322	0.695552027	0.456190024	8.1
0.67403153	0.870028962	0.895554713	7.5
0.635337599	0.763871734	0.804973308	7.9
-0.234701093	-0.116333257	0.511993602	7.7
0.085525255	-0.12852381	0.08227719	8.6
-0.1955043	0.092247587	0.19408248	8.3
0.033375657	-0.154503347	0.072884361	8.5
0.177669284	0.264453906	0.524159976	8
0.117305233	0.366901048	0.490725131	8.3
0.024054835	0.404329858	0.504580163	7.2
0.076057069	0.3249096	0.518341009	7.9
-1.326441139	-0.467636919	-0.140196322	7.9
-0.011398406	0.056539718	0.316246499	8.5
-0.370960178	-0.15935652	0.02406192	7.2
-0.373410719	-0.108081996	0.185035654	8.5
-0.941958148	-0.088777909	0.145951817	7.6
-0.222665737	0.248296494	0.637932634	7.5
-0.257955033	0.038331802	0.468018674	8
-0.342225924	0.278012888	0.272040696	8
-1.995635195	-0.430988748	-0.505521611	8
-0.09641683	-0.031857567	0.424537072	7.6
-0.645640563	-0.54850134	-0.530863471	7.3
0.051294844	0.201547783	0.504412832	7.6
0.021964526	0.48617821	0.589709497	8.3
-1.995635195	-0.418013362	-0.000844479	8.5
0.442424939	0.57994422	0.71141893	8.1
0.255974421	0.488519819	0.597742989	7.7
-0.270290953	-0.244095472	0.399629905	7.5
-0.130835278	0.152192301	0.363033718	6.7
-0.633878592	-0.253982037	0.188024476	8.3
-0.271542064	0.014991351	0.535806152	7.5
0.28143444	0.592565307	0.936163126	7.9
-0.707305637	-0.294268236	0.01723069	7.9
-0.882381647	-0.465494745	-0.108280563	7.7
-1.314011919	-0.005901182	0.038647867	8.4
-0.153830201	0.497477503	0.712693022	8.1
0.041280425	0.50207149	0.627010484	8.3
-0.548264546	-0.114574702	0.126422319	7.8
-0.143190482	-0.142405838	0.537479996	7.9
-0.015540567	0.096842391	0.656718195	8
-0.100928371	0.18887653	0.473734715	8.3
-0.332691619	0.082438267	0.141659622	7.5
-0.269784463	-0.095884927	0.391977062	8.1
0.503846356	0.617678196	0.652267812	8.1
-0.912646836	-0.178605417	-0.222781713	8.2
0.383178135	0.573374177	0.596894802	8.2
-0.045839704	0.269324692	0.334078248	7.9
-0.190895622	-0.276880708	0.197770141	8.3
-0.549947487	-0.157677293	0.393598383	8.1
0.354355611	0.501443127	0.544429432	8
NA	NA	NA	8.3
0.440160071	0.514627456	0.54534157	8
-1.400845736	-0.496647967	-0.085423825	8.1
NA	NA	NA	7.5
-0.063966137	-0.162689314	0.192429982	9.5
0.056515858	0.390425501	0.541499783	8.6
0.088946431	0.552232021	0.640357924	8.9
-0.234138163	0.246191009	0.343377252	7.8
0.022157017	0.371390409	0.646521042	8.5
-0.564148213	-0.788840619	-0.083832989	8.5
0.047597253	0.287996817	0.580433042	8.6
0.156333402	0.40875158	0.579746168	8.4
-0.226116687	-0.053884052	0.381685279	8.3
0.002382615	0.059687992	0.310112645	8
0.101025241	0.439971726	0.461492286	8.5
-1.245468902	-0.011394944	0.039924036	8
-0.854162853	-1.012803827	-0.389777311	8.3
-0.292313374	0.314202128	0.720420981	7.8
-0.074486015	0.314923379	0.501223787	9
0.14246202	0.310981532	0.320292859	7.6
-0.365310807	-0.489267222	0.039992365	8
-0.157998703	0.256699299	0.601777345	8.8
-0.162416217	0.134608093	0.42464645	8.5
-0.13675779	0.22638552	1.049878017	8.3
0.13908143	0.314755697	0.385863839	7.9
0.040953365	0.40563089	0.402347219	8.6
-0.097262327	0.088565508	0.357788641	8
0.014385134	0.080702928	0.221360988	7.7
0.121021881	0.435348998	0.626534547	7.4
0.168086663	0.577447523	0.618940595	7.8
-0.084769526	0.168032108	0.253070201	9
-0.361370763	0.234349093	0.387119847	8.1
0.482896918	0.310630194	0.646421626	7.9
0.277187083	0.548015432	0.613017478	7.9
-0.704212664	-0.233238133	-0.110513839	8.5
-0.207514712	-0.34343466	0.159913634	7.3
0.158259803	0.352737945	0.498810721	7.6
0.079531473	-0.239571371	0.38228228	8.1
-0.240048509	0.008552537	0.081484681	8.2
0.7352888	0.844220195	0.819918087	8.7
-0.339662594	0.159847108	0.493806805	8.9
-0.074546879	0.447230634	0.577615963	8.3
0.256165066	0.398136006	0.571076906	7.7
0.060997151	0.471509777	0.610330872	8
-0.209496248	0.007303828	0.195650108	7.9
0.171601532	0.485564393	0.673514211	8
-0.030927281	0.261882089	0.620980254	7.9
0.438718211	0.848864095	0.681107853	8
0.217794608	0.530066002	0.992969556	8
0.310095684	0.40612947	0.702831073	8.6
-0.768743464	-0.087015613	0.106187707	8.2
-0.209837867	-0.362213235	0.496880556	8.9
0.187071072	0.53514956	0.573822923	8.1
0.397926925	0.705905948	0.747113977	8.8
-0.003703244	0.297307056	0.325382727	8
-0.368860796	-0.060468486	0.126241992	8.3
NA	NA	NA	7.7
-0.124521727	0.363593772	0.929981769	8.3
NA	NA	NA	7.9
NA	NA	NA	7.9
-0.184946525	0.074327772	0.326443139	8.3
NA	NA	NA	7.7
0.142852321	0.334180928	0.545839049	8.4
0.204665992	0.36750259	0.691729079	8.2
0.273481373	0.400413329	0.470747959	8.2
0.225007269	0.371368824	0.494706847	8.5
-0.176176577	-0.422198111	-0.065600622	7.7
-0.177902811	-0.171221265	0.615980705	8.8
0.150450302	0.364673443	0.620604733	8.2
-0.336301911	-0.15623686	-0.04280584	8.4
0.11497181	0.265776246	0.405909954	8
-0.271531555	0.141085542	0.545019374	8
0.025460638	-0.209145284	0.322308694	8.7
-0.800524531	-0.562143978	-0.264608721	NA
-0.389584208	-0.312763952	-0.023027064	8.9
-0.24848988	0.138113261	0.500763256	8.9
0.612187391	0.768301738	0.878927622	8.9
-0.097996496	0.245792088	0.468447545	8.5
-0.45057575	-0.242551497	-0.189350297	7.7
-0.105763224	0.19277588	0.455553961	8.5
0.211246901	0.1822697	0.528208282	8.6
-0.191681474	-0.038887409	0.256535104	7.6
0.36611268	0.603204288	0.803866421	8.1
-0.117322683	-0.012123875	0.016350138	7.7
0.06219048	0.540886821	0.846828647	8.4
-0.703283388	-0.093584172	-0.016962318	8.1
-0.145614323	-0.192740456	0.289247207	NA
-0.089688294	-0.139699175	-0.028349982	8
0.129509354	0.553733324	0.72943099	8.2
-0.927389942	-0.874728382	-0.504593855	7.9
-0.133421172	0.295594695	0.555785413	8
0.000519808	0.381392261	0.614028729	7.9
-0.19227927	0.267020972	0.633996874	8.5
-0.004146854	0.718579286	1.036905441	8.7
0.420050399	0.473067134	0.372391441	8.4
-0.384531421	0.261146478	0.41278044	7.4
-0.237896646	-0.18199826	0.048043098	9
0.147470635	0.520590923	0.635284928	8.2
-0.038089666	0.233730375	0.4717934	8.2
-0.51498045	-0.176845937	-0.014823609	8.5
0.119564424	0.243347922	0.308096044	8.7
-0.030778743	0.49042402	0.821791391	8.1
-0.016228275	0.280505531	0.4259078	7.7
-0.12457051	0.195436389	0.429281526	8.5
-0.459068175	0.248372097	0.591612918	8
-0.387939365	-0.355384121	0.154816391	8.1
-0.9798449	-1.056442759	-1.082881808	8.5
-1.103619897	-0.42921333	-0.021141265	7.7
-0.531700334	0.073907857	0.124229217	7.4
-0.389290899	-0.0191081	0.358289084	8.6
-0.221672053	-0.346617965	0.042923776	7.6
-0.252000692	-0.135222196	0.095643589	8.4
-0.7299134	-0.403014379	-0.07616696	8.6
0.027753907	0.787160546	0.873918896	8.7
-0.054034113	0.38742965	0.521740917	8
-0.919763699	-0.255738486	0.144930256	8
-0.298343441	0.051464294	0.255694964	8.3
-0.366570845	-0.072253171	0.12252694	8.2
0.158597431	0.16279585	0.565902499	8.1
-0.35325183	-0.199321503	-0.053540935	8.2
0.255848912	0.602433552	0.75756004	7.6
-0.479121525	-0.554728335	0.0210675	7.5
-0.140289055	0.27084078	0.517686516	7.7
-0.289185953	0.121753661	0.646524451	7.9
-0.22043448	-0.011525889	0.251349839	7.5
-0.699014492	-0.644819671	-0.253974178	8.5
-0.083157569	-0.087409803	-0.447985869	8.4
-1.368529051	-1.417949144	-1.166400926	7.5
-0.368585244	-0.215610605	0.167031049	7.8
0.560758761	0.817513625	0.862529037	8.5
0.082525475	0.761955058	0.991878617	8.9
0.28615412	0.526435396	0.850405827	8
-0.261234234	0.057648915	0.410005077	7.7
0.252931772	0.342210364	0.419618622	8.9
-1.995635195	-1.78760133	-0.762683463	7.5
-0.367513097	-0.154136577	-0.059237177	7.9
0.496165333	0.862535605	0.844305413	8
0.118194651	0.289247339	0.568362884	7.8
-1.069517843	-1.145431939	-0.04802933	7.5
0.0783267	0.600629923	0.739621146	8.1
0.065367292	-0.083854635	0.331974136	7.5
-0.044962613	0.310822858	0.352001061	8.4
-0.340408036	-0.169260569	0.164723133	8
-0.531345377	-0.906133765	-0.146673572	8
-0.234635861	-0.036305732	0.167661556	8
-0.429410976	-0.085840717	0.338598023	NA
0.256352671	0.758799157	0.833206391	8.5
-0.196787881	0.22061686	0.141193405	7.8
-0.264191306	0.14927836	0.468742862	8.4
-0.534877047	-0.414281354	0.110909264	9
-0.513569859	-0.631524232	-0.204272248	8
0.069209946	0.476624646	0.449879787	8.8
-0.057473443	0.043232952	0.397140545	8.2
0.307522772	0.557862341	0.742436396	8.9
-0.274269777	-0.386051355	-0.254517886	9
-0.344888313	0.081898387	0.407225169	7.9
-0.922463753	0.056965664	0.35011318	8.7
-0.251637953	-0.11427989	0.189834186	8.2
-0.519273796	-0.018860848	0.186442619	9.2
0.148528731	0.670009626	0.54824787	9
0.289949797	0.298638607	0.291972129	7.7
-0.148605645	0.325618791	0.400504367	8.6
-0.354714855	0.042592694	0.199572355	8.1
-0.076170527	-0.198023469	-0.330477047	8
-1.539389782	-1.995635195	-1.995635195	8.9
-0.396060069	-0.187094325	0.205146847	8.2
-0.372477776	0.132832754	0.195210525	8.1
0.168205714	0.254123247	0.655868757	8.4
-0.977910642	0.070403031	0.529011488	7.1
-0.465862833	-0.451320826	-0.282102732	9.3
-0.106696867	0.244092721	0.480672455	7.5
-0.141310071	0.550255228	0.686489686	8.1
-0.391045043	-0.078659818	0.347845029	7.8
-0.253642082	-0.18850684	0.355355156	7.5
-0.676350902	0.038263526	0.261462097	8.7
-0.805982762	-0.123446436	0.07807186	7.5
-0.344499113	-0.153452566	0.132205448	8.6
-0.168484207	0.287619116	0.456706718	8.6
-0.330329386	0.074008644	0.320769012	7.9
-1.995635195	-1.995635195	-1.442774905	7.2
-0.066322725	0.53071238	0.788633135	8.3
-1.995635195	-0.391388028	-0.213889644	8.4
-0.516931809	-0.318898674	-0.449889175	8.1
-0.05722121	0.27962103	0.432940402	8.2
-0.581810068	-0.823348529	-0.392422648	8.8
0.00496342	-0.07016425	0.400486718	7.6
-0.144968026	0.125883736	0.464828539	8.5
-1.995635195	-1.995635195	0.02606549	8
-0.499390415	-0.107250983	0.456606441	7.8
0.151132032	0.663002141	0.640312294	7.7
-0.086819788	0.119090002	0.680325629	8
0.43914648	0.878559734	1.006023152	8.3
-0.771066808	-0.460324902	-0.342215984	9.2
-1.995635195	-1.995635195	-1.995635195	7.6
0.096714096	0.507286107	0.468897522	8.4
-0.040937758	0.626402504	0.704751724	7.8
0.046798456	0.461012416	0.771368832	8.4
0.133494956	0.492803051	0.86663321	7.8
-0.381715544	-0.007395947	0.330643439	8.4
0.230365679	0.615190444	0.69145417	7.9
-1.995635195	-1.995635195	-1.995635195	7.8
-0.068418239	0.438390222	0.674440079	8.4
-1.995635195	-1.995635195	-1.995635195	8
-0.526254404	-0.339145937	-0.261631364	9.5
0.206701613	0.614460468	0.822913724	8.3
-0.048880447	0.542443299	0.743352879	8.2
-0.42426386	-0.063083512	0.238088138	7.6
-0.451419836	0.091149455	0.617941558	7.8
-0.261236252	0.15745931	0.438965193	8
0.128984229	0.414752525	0.761044105	9.2
-0.399384492	0.243822191	0.376277754	7.7
0.35081067	0.488716514	0.496444634	8
-0.199178362	0.099506792	0.223263765	7
-0.309448974	0.188034859	0.255671883	8.3
-1.995635195	-0.531283685	-0.222099409	8.1
-0.391951765	-0.152432988	0.071577916	8
-0.757801135	-0.729006106	-0.656041321	8.2
-0.383760513	-0.370816269	-0.325360221	8.8
-0.255244553	0.275735416	0.558087062	8.2
0.290148184	0.62262535	0.67409027	8.5
0.080330795	0.302935596	0.403434318	8.7
-1.407663426	-1.149443783	-0.760464959	7.9
-0.670763283	-0.083707825	0.504273501	7.6
-1.244656273	-1.031371444	-0.262226212	8
0.613427448	0.87722148	1.021338775	8
-0.093554325	0.282072591	0.532069644	8.8
-0.053465147	0.211433604	0.400334175	7.9
-0.058450854	0.451032286	0.733157465	8.6
-0.458959014	0.05335733	0.366301702	8
-0.183153114	-0.264513162	-0.029340132	8
-0.160218049	0.221521221	0.602705004	7.7
-0.293816425	0.428697681	0.756210632	8.6
0.110437197	0.011894523	0.149384536	8.5
0.1516094	0.487834322	0.695654019	9
-1.995635195	-0.105932979	-0.241498021	8.1
-0.288274612	-0.108136784	0.049132149	7.7
-0.366431489	0.229757856	0.579426931	7.7
-0.362842117	0.345972519	0.647492129	7.6
0.090142227	0.259385246	0.273598501	8.2
-1.995635195	-1.995635195	-1.558296068	8.2
-0.310004845	-0.480781666	-0.059826708	8.5
-0.196065434	0.319191773	0.389619007	7.8
-0.522123952	-0.231842593	-0.205645331	7.6
0.66428373	0.659432369	0.840244329	8.1
0.030329949	0.357629756	0.498924154	7.5
0.430663853	0.790070267	0.817945794	8.2
-1.995635195	-0.639281891	-0.671517659	8.4
-0.30036171	-0.058914396	-0.040379559	7.6
0.16300548	0.424943512	0.44200339	7.5
0.091335337	0.166359685	0.376498713	9
0.2008224	0.582570823	0.736960477	8.6
-0.478105494	-0.609004092	-0.532436702	8.2
-0.271215727	0.117895601	0.107812766	7.4
0.207844802	-0.104365602	0.486403492	8
-0.244936846	-0.26385722	-0.137967788	8.5
0.053275416	0.232343854	0.621822343	7.5
0.197544564	0.261034489	0.394101719	8.2
0.047821393	0.485969812	0.478154084	8.1
-1.396508328	-1.090125913	-1.518295454	8
-0.028944207	0.159291969	-0.057462845	8
-0.243120347	0.147815535	0.51330934	7.6
0.281727068	0.636217734	0.541057332	8.6
-0.164307027	0.094766828	0.476387271	7.5
-1.23838049	-1.342259012	-1.008181453	8.1
-0.730443266	-0.056069022	0.215440541	7.6
-0.074198846	0.381853189	0.472100453	8.5
0.027473771	0.136856198	0.676810382	7.1
0.155053988	0.618175355	1.027991291	8
-0.010758303	0.209566566	0.335074115	7.4
-0.157512957	0.333160247	0.494561607	7.8
-0.97888453	-1.089264031	-0.721019942	7.5
-0.078835082	0.366445205	0.45107438	8.1
0.130954128	0.738790616	0.810963863	8.3
-0.113395027	0.244061496	0.566047497	7.4
-0.704313757	-0.468026217	-0.378966931	NA
-0.738212994	-0.414246331	-0.398158166	8.3
-0.300362172	0.186582505	0.33540213	8.4
0.365687252	0.626564982	0.665157278	8
-0.755036268	-0.219737901	0.183243748	8.7
-1.841237017	-0.3566966	0.117006375	8.9
-0.013555347	0.239423067	0.539657136	8.5
-0.104090007	0.081600333	0.127895432	9.2
-0.700574054	-0.169124107	0.382387519	7.6
0.181189275	0.449018421	0.573279751	7.7
0.223248384	0.322943633	0.379106321	8
0.119843282	0.63662379	0.678036097	8.4
0.35700981	0.744590818	0.881028385	8.6
-0.788929136	-0.582526711	0.022393199	8.4
-0.112278076	0.268990423	0.403659188	9.1
0.38739106	0.447391539	0.679627761	8.2
-1.995635195	-1.303126218	-0.93045942	8.3
0.196978289	0.540385887	0.777693908	8.4
-0.308253722	0.114039135	0.862280207	8.9
0.137485074	0.631776105	0.660393947	8.5
-0.640754044	-0.327339501	-0.193429961	7.9
0.026990384	0.763327792	0.930818131	7.9
-0.085615648	0.125387156	0.214133802	7.6
-0.032671495	0.283088952	0.464682631	8
-0.683313022	-0.65261312	-0.646115501	7.5
-0.549204828	-0.405413461	0.320683586	7.2
0.209468047	0.813895752	1.023805871	8.6
-0.039717487	0.242019773	0.362529382	8.2
0.370441573	0.506290786	0.551481786	8.6
-0.698980656	-0.541003965	-0.310786829	8
0.212864133	0.275489078	0.293586698	8.6
0.348300472	0.516876846	0.68618248	8.5
-0.358994032	-0.058702529	0.181072777	8.7
0.110099431	0.549181258	0.471942229	8.2
-0.062059753	0.479721197	0.640488906	9.2
0.557560345	0.795322957	0.589217039	7.9
-0.448662967	-0.090915013	0.373851331	8.5
-1.049103214	-0.424553533	-0.002276427	8.1
-0.186878478	0.448511766	0.510797445	8.6
-0.135174688	-0.039501086	0.007433928	8.8
-0.203649772	0.222769801	0.267769303	9
-0.430832083	-0.297244455	-0.232714495	8
-0.271056158	-0.07310294	-0.034942695	8.1
0.029426813	0.424389223	0.58147664	8.5
-0.179488357	-0.046358857	0.254536659	8
0.060521334	0.276916997	0.495920871	8.2
-0.196696367	0.138811342	0.235338629	7.6
-0.05216848	0.11105343	0.277164124	8.7
0.08910978	0.276930284	0.427725739	8.3
-0.451307049	0.509599148	0.930566168	8.8
-0.105834406	0.201857681	0.488501636	8
-1.995635195	-0.301029996	-0.421005313	8.2
0.032903079	0.260851249	0.508751202	8.4
-0.559480111	-0.539196226	-0.53210752	8.3
-0.233027994	-0.153592816	0.403257864	8
-0.483238179	0.052591847	0.098846669	8.6
-0.585617523	0.350138776	0.433353595	8
0.252954518	0.461480121	0.555552129	8
-0.997114969	-1.995635195	-0.667917734	8.1
-0.456385421	0.317250016	0.58465542	8.2
-0.354132431	-0.060577743	0.154785729	9
-0.928843196	-0.658996445	-0.58252308	7.6
0.236402137	0.319198332	0.478039597	8.9
0.099760653	0.354577803	0.589393844	8.8
0.092788996	0.362622477	0.524809456	8.3
-0.703792599	-0.70623122	-0.556202888	8.1
0.335981874	0.400980208	0.657431228	7.8
0.412130402	0.955551054	1.154878625	7.9
-0.839691571	-0.100251323	0.327311453	8.1
-0.675084971	-0.71599535	-0.334996569	8.4
-1.995635195	-0.844771952	-0.430777276	8.3
-0.285502666	0.319776965	0.374804337	8.2
0.095567688	0.315269468	0.614803318	8.5
NA	NA	NA	7.8
-0.479843385	-0.150126431	-0.16228601	7.9
0.111817506	0.081454352	0.624247505	8.1
NA	NA	NA	8.5
0.384411582	0.668989703	0.986113877	8.7
-1.040271949	-0.854323075	-0.709697021	7.8
-0.060727703	0.266667898	0.539282962	8
-1.995635195	-1.196580883	-0.557275446	8.2
0.1224064	0.462763105	0.382476921	8.2
0.199101581	0.702711159	0.73856053	7.5
NA	NA	NA	7.9
NA	NA	NA	7.7
NA	NA	NA	7.7
NA	NA	NA	8.1
-0.605224203	-0.409391901	0.561039506	8.4
0.349822562	0.729163628	0.794321394	8.1
-0.345750929	0.234394371	0.247036223	7.8
-1.995635195	-1.995635195	-0.395484109	8.1
-0.369393783	-0.065368539	0.131900367	8.1
-0.294172227	0.216854024	0.761620258	8.3
-1.995635195	0.16767572	0.376575373	7.9
NA	NA	NA	NA
0.112522567	0.181869303	0.140246924	7.5
0.69816419	0.846072804	0.880159337	8
0.16448571	0.312178072	0.911528696	8.6
-0.469226359	-0.468373372	-0.285727647	9
-0.196514708	-0.137736704	0.037817027	8.4
0.167450643	0.72039057	1.299682979	8.4
0.198527837	0.638535058	0.840034706	8.1
-0.021037496	0.377792981	0.757322203	8.2
-0.450053298	0.074440195	0.673284644	7.5
-0.272898487	0.026946847	0.336245527	8.1
0.331698815	0.426387648	0.675501171	7.6
-0.099735457	0.34048396	0.455993384	7.5
0.246579853	0.371566797	0.522878745	7.4
0.107157325	0.406326858	0.830459596	8.7
-0.429448897	0.179292756	0.142592089	8.4
0.091260584	0.299826083	0.481565832	8.4
-0.048899327	0.179336548	0.390925498	7.9
-0.163418586	0.079446656	0.380043459	7.3
NA	NA	NA	7.6
0.048475397	0.510629463	0.348833834	8.2
NA	NA	NA	7.2
-0.590995579	-0.041434492	-0.118845051	8.2
NA	NA	NA	7.8
0.091004938	0.885553079	1.074741867	NA
NA	NA	NA	7.5
-1.26929765	-0.283621038	0.22597913	7.9
NA	NA	NA	7.7
-0.573370455	-0.313647439	-0.100953474	7.9
0.186289316	0.260768981	0.333850575	8.5
-0.0314944	0.435814221	0.429107112	8
-0.434053302	-0.384344671	0.25649976	8.2
-0.059822099	0.183418444	0.588048925	8.4
0.190836089	0.675623933	0.757530819	9
-0.063001533	-0.006703477	0.433918301	7.5
0.233526705	0.397948934	0.546650072	8.2
-0.524292396	-0.126215214	0.016369783	4.9
-0.613426875	0.015221607	0.561208335	7.7
0.109300863	0.722269455	0.65164613	8
0.376014431	0.96805204	0.885282408	8.4
0.186265081	0.333465278	0.391374898	8.1
-0.029748024	0.246443982	0.341056039	8.3
0.372563252	0.523567145	0.675911804	7.8
-0.781833963	-0.482653743	-0.17762787	8.3
-0.52615941	-0.332761316	0.000940913	8.2
-1.029892527	-0.476461025	-0.290941616	8.1
-1.080401153	-0.195682198	0.520256899	7.9
-0.29573776	0.300427626	0.623286668	7.7
0.051882727	0.4233212	0.711145321	8.4
-0.511716808	0.111169669	0.338705981	8.5
-0.174839562	0.081222308	0.43065902	8
-0.201695597	0.205796704	0.156976727	8.6
-0.064492929	0.376817804	0.7092943	8.6
-0.056989189	0.241127121	0.365358148	8.6
0.21317866	0.161612854	0.216391481	8
-0.227730932	0.14570863	0.441420318	9.2
-0.037047306	0.359154322	0.621599913	7.7
-0.086513793	0.123820577	0.271954473	8
-1.995635195	-0.307841736	-0.326486385	7.6
-0.600968375	-0.426553808	-0.141613447	9.3
0.147487701	0.195081682	0.660257522	7.8
0.151194469	0.553738499	0.592910735	7.9
-0.287308244	-0.317923825	-0.023696726	7.6
-0.342663354	0.313513733	0.6229162	7.6
-1.556285699	0.042703622	-0.463988987	6.2
-0.847787179	-0.847787179	-0.916453949	8
0.057626138	-0.031514849	0.273683014	7.9
0.52194187	0.725794947	0.63976379	7.9
0.495908733	0.863457065	0.772973133	8.3
-0.456942462	-0.248839665	0.129336951	7.9
-0.126455888	0.216437776	0.537238027	8.1
-0.220483831	-0.007937679	0.313317525	8.5
-0.039290512	0.233148079	0.315471252	7.9
-0.086596966	-0.175189302	0.253339053	9.1
-0.169348707	-0.02549933	0.453050283	8.4
-0.574528945	-0.520024409	-0.199792084	8.8
-0.487888302	-0.11155939	0.248885387	8.1
-0.423388026	0.182353959	0.421328874	8.7
0.25192269	0.144408146	0.274517566	7.8
0.279174861	0.652635476	0.758329145	8.5
-0.005990364	0.207530052	0.245982429	8.1
0.208945821	0.235286219	0.256984575	8.2
-0.49278104	-0.134946935	0.251421758	8.5
0.00684327	0.405812951	0.557001796	8.6
0.159453702	0.470673963	0.709285057	8.1
-0.061083781	-0.17392951	0.175050846	9.1
0.628772592	0.679903377	0.823001767	8.4
0.085044775	0.382460747	0.535814528	8.1
-0.221176611	-0.515631507	0.328091575	7.4
NA	NA	NA	8.1
-0.072531723	0.181786746	0.664307824	8.4
NA	NA	NA	8
NA	NA	NA	8.8
