22504	NA	NA
22505	NA	NA
22506	NA	NA
22507	NA	NA
22508	NA	NA
22509	NA	NA
22520	NA	NA
22521	NA	NA
22522	NA	NA
22523	NA	NA
22524	NA	NA
22525	NA	NA
22526	NA	NA
22527	NA	NA
22528	NA	NA
22529	NA	NA
22530	NA	NA
22531	NA	NA
22532	NA	NA
22533	NA	NA
22534	NA	NA
22535	NA	NA
22547	NA	NA
22548	NA	NA
22549	NA	NA
22550	NA	NA
22551	NA	NA
22554	NA	NA
22675	NA	NA
22676	NA	NA
22677	NA	NA
22678	NA	NA
22680	NA	NA
22681	NA	NA
22711	NA	NA
22712	NA	NA
22713	NA	NA
22714	NA	NA
22715	NA	NA
22716	NA	NA
22717	NA	NA
22718	NA	NA
22719	NA	NA
22720	NA	NA
22721	NA	NA
22722	NA	NA
22723	NA	NA
22725	NA	NA
22728	NA	NA
22762	NA	NA
22763	NA	NA
22764	NA	NA
22765	NA	NA
22766	NA	NA
22767	NA	NA
22768	NA	NA
22769	NA	NA
22785	NA	NA
22787	NA	NA
22788	NA	NA
22789	NA	NA
22790	NA	NA
22791	NA	NA
22792	NA	NA
22820	NA	NA
22821	NA	NA
22822	NA	NA
22823	NA	NA
22826	NA	NA
22848	NA	NA
22850	NA	NA
22852	NA	NA
22854	NA	NA
22855	NA	NA
22876	NA	NA
22877	NA	NA
22878	NA	NA
22879	NA	NA
22880	NA	NA
25638	NA	NA
25640	NA	NA
25641	NA	NA
25688	NA	NA
25689	NA	NA
25690	NA	NA
25691	NA	NA
25692	NA	NA
25693	NA	NA
25694	NA	NA
25695	NA	NA
25697	NA	NA
25699	NA	NA
25700	NA	NA
25701	NA	NA
25703	NA	NA
25704	NA	NA
25705	NA	NA
25707	NA	NA
25709	NA	NA
25710	NA	NA
25826	NA	NA
25827	NA	NA
25828	NA	NA
25829	NA	NA
25830	NA	NA
25831	NA	NA
25832	NA	NA
25833	NA	NA
25848	NA	NA
25849	NA	NA
25850	NA	NA
25851	NA	NA
25852	NA	NA
25853	NA	NA
25854	NA	NA
25855	NA	NA
25856	NA	NA
25857	NA	NA
26580	NA	1278
26581	NA	1401
26582	NA	1361
26583	NA	1620
26584	NA	878
26585	NA	1501
26586	NA	1523
26587	NA	1081
26588	NA	1220
26589	NA	843
26590	NA	1775
26591	NA	1752
26592	NA	1055
26593	NA	1950
26594	NA	1553
26595	NA	1593
28005	NA	NA
28006	NA	NA
28007	NA	NA
28009	NA	NA
28010	NA	NA
28011	NA	NA
28077	NA	NA
28078	NA	NA
28079	NA	NA
28256	NA	NA
28257	NA	NA
28341	NA	NA
28343	NA	NA
28915	NA	NA
28916	NA	NA
28917	NA	NA
28918	NA	NA
28919	NA	NA
29147	NA	NA
29148	NA	NA
29149	NA	NA
29150	NA	NA
29151	NA	NA
29152	NA	NA
29153	NA	NA
29154	NA	NA
29264	NA	NA
29265	NA	NA
29266	NA	NA
29267	NA	NA
29268	NA	NA
29269	NA	NA
29270	NA	NA
29271	NA	NA
29332	NA	NA
29333	NA	NA
29334	NA	NA
29335	NA	NA
29336	NA	NA
29337	NA	NA
29338	NA	NA
29339	NA	NA
29340	NA	NA
29341	NA	NA
29342	NA	NA
29343	NA	NA
29344	NA	NA
29346	NA	NA
29347	NA	NA
29469	NA	NA
29470	NA	NA
29471	NA	NA
30006	NA	NA
30007	NA	NA
30009	NA	NA
30010	NA	NA
30011	NA	NA
30015	NA	NA
30017	NA	NA
30018	NA	NA
30019	NA	NA
30021	NA	NA
30022	NA	NA
30023	NA	NA
30024	NA	NA
30025	NA	NA
30026	NA	NA
30027	NA	NA
30028	NA	NA
30029	NA	NA
30030	NA	NA
30031	NA	NA
30032	NA	NA
30033	NA	NA
30034	NA	NA
30035	NA	NA
30036	NA	NA
30037	NA	NA
30039	NA	NA
30040	NA	NA
30041	NA	NA
30042	NA	NA
30043	NA	NA
30044	NA	NA
30045	NA	NA
30046	NA	NA
30089	NA	NA
30091	NA	NA
30092	NA	NA
30117	NA	NA
30118	NA	NA
30119	NA	NA
30120	NA	NA
30264	NA	NA
30265	NA	NA
30266	NA	NA
30267	NA	NA
30268	NA	NA
30269	NA	NA
30270	NA	NA
30304	NA	NA
30305	NA	NA
30306	NA	NA
30307	NA	NA
30308	NA	NA
30309	NA	NA
30310	NA	NA
30311	NA	NA
30363	NA	NA
30364	NA	NA
30365	NA	NA
30366	NA	NA
30367	NA	NA
30368	NA	NA
30369	NA	NA
30370	NA	NA
30371	NA	NA
30372	NA	NA
30373	NA	NA
30374	NA	NA
30375	NA	NA
30466	NA	NA
30467	NA	NA
30469	NA	NA
30470	NA	NA
30471	NA	NA
30472	NA	NA
30478	NA	NA
30479	NA	NA
30480	NA	NA
30481	NA	NA
30482	NA	NA
30483	NA	NA
30484	NA	NA
30485	NA	NA
30486	NA	NA
30487	NA	NA
30488	NA	NA
30489	NA	NA
30490	NA	NA
30491	NA	NA
30492	NA	NA
30493	NA	NA
30494	NA	NA
30495	NA	NA
30496	NA	NA
30601	NA	NA
30602	NA	NA
30603	NA	NA
30604	NA	NA
30605	NA	NA
30606	NA	NA
30607	NA	NA
30608	NA	NA
30609	NA	NA
30610	NA	NA
30611	NA	NA
30612	NA	NA
30613	NA	NA
30614	NA	NA
30941	NA	NA
30942	NA	NA
30943	NA	NA
30944	NA	NA
30945	NA	NA
30946	NA	NA
30947	NA	NA
30949	NA	NA
31040	NA	NA
31041	NA	NA
31042	NA	NA
31043	NA	NA
31044	NA	NA
31045	NA	NA
31046	NA	NA
31047	NA	NA
31048	NA	NA
31049	NA	NA
31050	NA	NA
31051	NA	NA
31052	NA	NA
31054	NA	NA
31101	NA	NA
31102	NA	NA
31103	NA	NA
31104	NA	NA
31105	NA	NA
31106	NA	NA
31107	NA	NA
31108	NA	NA
31109	NA	NA
31110	NA	NA
31112	NA	NA
31113	NA	NA
31114	NA	NA
31115	NA	NA
31116	NA	NA
31161	NA	NA
31162	NA	NA
31163	NA	NA
31164	NA	NA
31165	NA	NA
31166	NA	NA
31167	NA	NA
31168	NA	NA
31169	NA	NA
31170	NA	NA
31171	NA	NA
31172	NA	NA
31173	NA	NA
31401	NA	NA
31402	NA	NA
31403	NA	NA
31404	NA	NA
31405	NA	NA
31406	NA	NA
31407	NA	NA
31426	NA	NA
31427	NA	NA
31428	NA	NA
31429	NA	NA
31430	NA	NA
31431	NA	NA
31432	NA	NA
31433	NA	NA
31434	NA	NA
31435	NA	NA
31436	NA	NA
31437	NA	NA
31438	NA	NA
31439	NA	NA
31471	NA	NA
31472	NA	NA
31473	NA	NA
31474	NA	NA
31476	NA	NA
31477	NA	NA
31478	NA	NA
31480	NA	NA
31481	NA	NA
31482	NA	NA
31483	NA	NA
31484	NA	NA
31485	NA	NA
31486	NA	NA
31487	NA	NA
31501	NA	NA
31502	NA	NA
31504	NA	NA
31505	NA	NA
31506	NA	NA
31507	NA	NA
31508	NA	NA
31682	NA	NA
31683	NA	NA
31684	NA	NA
31685	NA	NA
31686	NA	NA
31687	NA	NA
31689	NA	NA
31690	NA	NA
31691	NA	NA
31692	NA	NA
33701	NA	NA
33702	NA	NA
33703	NA	NA
33704	NA	NA
33705	NA	NA
33706	NA	NA
33707	NA	NA
33708	NA	NA
33709	NA	NA
33710	NA	NA
33711	NA	NA
33712	NA	NA
33713	NA	NA
33714	NA	NA
33715	NA	NA
33716	NA	NA
33717	NA	NA
33718	NA	NA
33719	NA	NA
33720	NA	NA
33722	NA	NA
33723	NA	NA
33725	NA	NA
33726	NA	NA
33727	NA	NA
33728	NA	NA
33729	NA	NA
33730	NA	NA
33731	NA	NA
33732	NA	NA
33734	NA	NA
33735	NA	NA
33736	NA	NA
33737	NA	NA
33738	NA	NA
33739	NA	NA
33740	NA	NA
33741	NA	NA
33742	NA	NA
33743	NA	NA
33744	NA	NA
33745	NA	NA
33746	NA	NA
33747	NA	NA
33748	NA	NA
33749	NA	NA
33750	NA	NA
33751	NA	NA
33752	NA	NA
33753	NA	NA
33754	NA	NA
33755	NA	NA
33756	NA	NA
33757	NA	NA
33758	NA	NA
33759	NA	NA
33760	NA	NA
33761	NA	NA
33762	NA	NA
33763	NA	NA
33764	NA	NA
33765	NA	NA
33766	NA	NA
33767	NA	NA
33768	NA	NA
33769	NA	NA
33770	NA	NA
33771	NA	NA
33772	NA	NA
33773	NA	NA
33774	NA	NA
33775	NA	NA
33776	NA	NA
33777	NA	NA
33778	NA	NA
33779	NA	NA
33782	NA	NA
33783	NA	NA
33784	NA	NA
33785	NA	NA
33786	NA	NA
33787	NA	NA
33788	NA	NA
33789	NA	NA
33790	NA	NA
33791	NA	NA
33793	NA	NA
33794	NA	NA
33795	NA	NA
33796	NA	NA
33797	NA	NA
33798	NA	NA
33799	NA	NA
33800	NA	NA
33852	NA	NA
33855	NA	NA
33856	NA	NA
33857	NA	NA
33858	NA	NA
33859	NA	NA
33860	NA	NA
33861	NA	NA
33862	NA	NA
33863	NA	NA
33864	NA	NA
33865	NA	NA
33866	NA	NA
33867	NA	NA
33868	NA	NA
33869	NA	NA
33870	NA	NA
33871	NA	NA
33873	NA	NA
33874	NA	NA
33876	NA	NA
33877	NA	NA
33878	NA	NA
33880	NA	NA
33882	NA	NA
33883	NA	NA
33884	NA	NA
33885	NA	NA
33886	NA	NA
33887	NA	NA
33888	NA	NA
33889	NA	NA
33890	NA	NA
33891	NA	NA
33892	NA	NA
33893	NA	NA
33894	NA	NA
33895	NA	NA
34453	NA	NA
34454	NA	NA
34455	NA	NA
34456	NA	NA
34457	NA	NA
34458	NA	NA
34459	NA	NA
34460	NA	NA
35214	NA	NA
35215	NA	NA
35216	NA	NA
35217	NA	NA
35218	NA	NA
35219	NA	NA
35220	NA	NA
35247	NA	NA
35248	NA	NA
35249	NA	NA
35254	NA	NA
35304	NA	NA
35305	NA	NA
35307	NA	NA
35308	NA	NA
35309	NA	NA
35312	NA	NA
35313	NA	NA
35314	NA	NA
35315	NA	NA
35317	NA	NA
35351	NA	NA
35352	NA	NA
35353	NA	NA
35354	NA	NA
35355	NA	NA
35356	NA	NA
35357	NA	NA
35358	NA	NA
35519	NA	NA
35520	NA	NA
35521	NA	NA
35522	NA	NA
35523	NA	NA
35526	NA	NA
35527	NA	NA
35528	NA	NA
35529	NA	NA
35530	NA	NA
35531	NA	NA
35532	NA	NA
35533	NA	NA
35534	NA	NA
35535	NA	NA
35536	NA	NA
35963	NA	NA
35964	NA	NA
35965	NA	NA
35966	NA	NA
35967	NA	NA
35968	NA	NA
35969	NA	NA
35970	NA	NA
35971	NA	NA
35972	NA	NA
35974	NA	NA
35975	NA	NA
35977	NA	NA
35978	NA	NA
36354	NA	NA
36355	NA	NA
36356	NA	NA
36357	NA	NA
36358	NA	NA
36359	NA	NA
36360	NA	NA
36361	NA	NA
36362	NA	NA
36363	NA	NA
36364	NA	NA
36365	NA	NA
36366	NA	NA
36367	NA	NA
36368	NA	NA
36369	NA	NA
36370	NA	NA
36371	NA	NA
36372	NA	NA
36373	NA	NA
36374	NA	NA
36375	NA	NA
36376	NA	NA
36377	NA	NA
36378	NA	NA
36379	NA	NA
36380	NA	NA
36381	NA	NA
36382	NA	NA
36383	NA	NA
36384	NA	NA
36385	NA	NA
36386	NA	NA
36387	NA	NA
36388	NA	NA
36389	NA	NA
36390	NA	NA
36391	NA	NA
36392	NA	NA
36393	NA	NA
36394	NA	NA
36395	NA	NA
36396	NA	NA
36397	NA	NA
36398	NA	NA
36399	NA	NA
36400	NA	NA
36401	NA	NA
36402	NA	NA
36403	NA	NA
36404	NA	NA
36405	NA	NA
36406	NA	NA
36407	NA	NA
36408	NA	NA
36409	NA	NA
36410	NA	NA
36411	NA	NA
36412	NA	NA
36413	NA	NA
36414	NA	NA
36415	NA	NA
36416	NA	NA
36417	NA	NA
36418	NA	NA
36419	NA	NA
36420	NA	NA
36421	NA	NA
36422	NA	NA
36423	NA	NA
36424	NA	NA
36425	NA	NA
36426	NA	NA
36427	NA	NA
36428	NA	NA
36429	NA	NA
36430	NA	NA
36431	NA	NA
36432	NA	NA
36433	NA	NA
36434	NA	NA
36435	NA	NA
36436	NA	NA
36437	NA	NA
36438	NA	NA
36439	NA	NA
36440	NA	NA
36441	NA	NA
36442	NA	NA
36443	NA	NA
36444	NA	NA
36445	NA	NA
36446	NA	NA
36447	NA	NA
36448	NA	NA
36449	NA	NA
36450	NA	NA
36452	NA	NA
36454	NA	NA
36455	NA	NA
36456	NA	NA
36457	NA	NA
36458	NA	NA
36459	NA	NA
36460	NA	NA
36462	NA	NA
36463	NA	NA
36464	NA	NA
36465	NA	NA
36466	NA	NA
36467	NA	NA
36468	NA	NA
36469	NA	NA
36470	NA	NA
36471	NA	NA
36472	NA	NA
36473	NA	NA
36474	NA	NA
36475	NA	NA
36476	NA	NA
36477	NA	NA
36478	NA	NA
36479	NA	NA
36480	NA	NA
36481	NA	NA
36482	NA	NA
36483	NA	NA
36484	NA	NA
36485	NA	NA
36486	NA	NA
36487	NA	NA
36488	NA	NA
36489	NA	NA
36490	NA	NA
36492	NA	NA
36493	NA	NA
36494	NA	NA
36495	NA	NA
36496	NA	NA
36497	NA	NA
45493	NA	1856
45494	NA	983
45496	NA	1228
45497	NA	1217
45498	NA	1294
45499	NA	2343
46001	NA	2118
46002	NA	1888
46003	NA	NA
46004	NA	1074
46005	NA	1830
46006	NA	1748
46007	NA	1353
46008	NA	1788
46009	NA	1328
46010	NA	1464
46011	NA	1492
46012	NA	1206
46013	NA	1658
46014	NA	944
46015	NA	1640
46016	NA	1674
46017	NA	1678
46019	NA	1102
46020	NA	1230
46022	NA	NA
46023	NA	1599
46024	NA	1047
46025	NA	NA
46026	NA	NA
46027	NA	1293
46126	NA	1056
46127	NA	1509
46128	NA	1057
46129	NA	1625
46130	NA	1039
46131	NA	1651
46132	NA	1405
46133	NA	1451
46134	NA	1634
46135	NA	1592
46136	NA	1034
46137	NA	1017
46138	NA	1400
46139	NA	1156
46140	NA	1283
46141	NA	858
46142	NA	1420
46143	NA	1228
46144	NA	1729
46145	NA	1699
46146	NA	1913
46147	NA	951
46148	NA	1631
46149	NA	812
46150	NA	1280
46151	NA	1669
46153	NA	1324
46154	NA	982
46155	NA	1652
46156	NA	1215
46157	NA	2023
46307	NA	910
46319	NA	1471
46320	NA	1361
46340	NA	NA
46341	NA	1746
46344	NA	NA
46345	NA	1022
46348	NA	NA
46349	NA	1296
46352	NA	NA
46353	NA	1626
46356	NA	1144
46357	NA	2151
46360	NA	1593
46361	NA	1760
46364	NA	1009
46365	NA	1655
46368	NA	NA
46372	NA	979
46386	NA	1383
46387	NA	NA
46388	NA	1930
46389	NA	NA
46392	NA	1039
46393	NA	NA
46397	NA	1063
46429	NA	1576
46430	NA	803
46433	NA	2284
46434	NA	1705
46437	NA	1192
46438	NA	836
46441	NA	NA
46442	NA	1359
46445	NA	NA
46446	NA	1752
46447	NA	NA
46450	NA	1236
46451	NA	NA
46454	NA	1342
46455	NA	NA
46457	NA	NA
46461	NA	1795
46462	NA	1219
46465	NA	1212
46466	NA	NA
46469	NA	1376
46470	NA	NA
46473	NA	1533
46474	NA	1253
46478	NA	776
46479	NA	1275
46482	NA	1609
46483	NA	1854
46486	NA	917
46487	NA	1509
46490	NA	1088
46491	NA	NA
46497	NA	NA
46498	NA	1812
46644	NA	956
46672	NA	1158
46695	0	1127
48304	0	1602
48305	0	1290
48306	0	1566
48311	0	1715
48314	0	954
48316	1	1052
48325	0	944
48326	0	1510
48328	0	1715
48331	0	1351
48332	0	727
48337	0	1114
48342	0	877
48344	0	2606
48345	0	2103
48347	1	1987
48348	0	1770
48352	0	1425
48353	0	2048
48355	0	2349
48358	1	991
48361	0	1757
48362	0	1166
48365	1	1318
48366	0	1402
48369	0	1065
48370	0	1721
48373	0	1754
48374	0	2309
48377	0	1257
48379	0	2091
48381	1	1770
48382	0	1286
48383	0	1415
48384	0	1062
48387	0	978
48390	0	1395
48391	0	1495
48394	0	1354
48395	0	1104
48398	0	1937
48399	0	1332
48402	0	1484
48406	0	1382
48408	0	1823
48409	0	2320
48411	0	1989
48412	0	1696
48416	0	1415
48417	0	1100
48420	0	1454
48423	0	808
48425	0	990
48426	0	1223
48432	0	1576
48436	0	1693
48439	1	2380
48441	1	1287
48443	1	1280
48444	1	1348
48445	0	1641
48447	1	2278
48449	0	1862
48452	0	969
48456	0	1460
48464	0	1566
48468	0	1609
48472	0	1514
48473	0	1524
48475	0	1029
48477	0	1668
48478	0	2085
48479	0	1371
48482	1	960
48486	0	1816
48489	0	1615
48490	0	1205
48494	0	1729
48495	0	1755
48496	0	1141
49003	NA	NA
49004	0	1867
49007	0	2089
49008	0	1381
49011	0	1383
49012	0	1592
49015	0	1348
49016	0	2329
49019	0	1151
49020	0	1764
49024	0	1957
49025	0	1018
49026	0	1303
49027	1	1593
49028	0	1702
49032	0	987
49035	0	964
49036	0	1065
49040	0	853
49041	0	870
49045	0	1197
49048	0	1104
49052	0	1666
49055	0	1574
49056	0	943
49210	NA	1554
49211	NA	1614
49213	NA	1323
49214	NA	1343
49217	NA	2020
49218	NA	1480
49221	NA	1138
49222	NA	2074
49226	NA	1996
49229	NA	2571
49230	NA	1085
49231	NA	1878
49233	NA	1353
49234	NA	1465
49237	NA	2164
49238	NA	1489
49240	NA	1502
49243	NA	1958
49245	NA	1862
49246	NA	1732
49249	NA	2381
49251	NA	1761
49254	NA	1629
49255	NA	1090
49258	NA	1264
49259	NA	2010
49262	NA	1586
49263	NA	1438
49266	NA	1409
49267	NA	1884
49270	NA	1092
49274	NA	1304
49278	NA	1840
49282	NA	1341
49286	NA	1663
49287	NA	1190
49289	NA	1252
49290	NA	NA
49293	NA	1297
49294	NA	1614
49297	NA	1614
49298	NA	917
49383	0	1111
49401	NA	1312
49404	NA	1028
49405	NA	1287
49408	NA	1424
49409	NA	1338
49414	0	2615
49416	NA	2143
49417	0	2071
49424	0	1639
49426	1	1205
49427	0	1284
49430	0	994
49431	1	1554
49432	0	759
49435	1	1124
49436	0	864
49439	0	1081
49440	0	899
49447	0	1465
49448	0	1426
49451	0	1102
49452	0	1312
49453	0	1274
49456	0	737
49461	0	953
49462	0	1487
49466	0	911
49467	0	1988
49470	0	1225
49471	0	1390
49472	0	1312
49475	0	1210
49476	0	842
49479	0	776
49482	0	867
49485	0	1206
49486	0	1303
49487	0	1191
49490	0	1625
49494	0	1377
49497	0	1359
49498	0	915
49499	1	634
50076	0	1505
50078	1	1137
50085	1	2379
50086	0	1221
50092	0	1082
50094	1	699
50095	0	676
50099	0	987
50100	0	1106
50102	0	935
50103	0	968
50106	0	1000
50107	0	1024
50114	0	1472
50115	0	941
50118	0	902
50119	0	1616
50121	0	779
50122	0	1115
50125	0	2288
50129	0	1484
50131	1	1559
50132	0	1004
50134	0	987
50137	0	1077
50140	0	1207
50143	0	1072
50146	0	924
50147	0	701
50148	0	404
50150	0	999
50151	0	899
50152	0	1897
50153	1	2068
50156	0	1208
50158	0	1621
50159	0	2064
50163	0	2319
50164	0	1136
50168	0	1504
50172	0	2086
50182	1	1261
50185	0	772
50186	0	907
50189	0	1912
50190	0	971
50191	0	986
50194	0	888
50195	0	1757
50198	0	1398
50201	0	1513
50202	0	1898
50205	1	1770
50206	0	2168
50210	0	1215
50211	1	1291
50216	0	1122
50217	0	1158
50220	0	1548
50223	0	1619
50225	0	1884
50226	0	1503
50230	0	1283
50234	0	1216
50235	0	1953
50237	0	1244
50238	0	1712
50241	0	1632
50242	0	1499
50245	0	1109
50248	0	953
50252	0	1508
50253	0	1804
50255	0	1718
50258	0	1238
50259	0	1006
50262	0	953
50265	0	1095
50266	0	1686
50269	0	1307
50279	1	779
50282	0	1916
50286	0	1292
50288	1	1415
50293	0	1772
50296	1	1766
50299	0	1655
50300	0	1624
50303	0	1109
50304	0	1513
50310	0	1266
50311	0	1711
50315	0	927
50316	0	1517
50322	0	959
50326	0	1245
50327	1	1890
50330	0	1569
50333	1	2672
50335	1	2290
50336	0	2125
50340	0	2366
50341	1	809
50344	0	1003
50345	0	2036
50348	0	1771
50351	1	984
50354	0	1237
50355	0	1299
50358	0	1760
50359	0	2175
50364	0	1169
50365	0	1021
50369	1	1816
50370	0	1706
50374	0	764
50375	0	1442
50377	0	1533
50382	0	1010
50383	0	993
50385	0	1887
50386	0	1436
50390	0	1777
50391	1	1353
50396	0	815
50397	0	1417
50404	1	955
50405	0	1184
50406	0	1090
50407	0	1528
50411	0	1231
50412	0	1230
50417	0	1265
50419	0	2737
50420	1	1553
50421	0	2026
50429	1	1140
50430	0	1538
50431	0	1946
50432	0	1090
50474	0	758
50475	0	1222
50478	0	2367
50482	0	1219
50485	0	1149
50486	0	1668
50487	1	1520
50490	0	1693
50491	0	1329
50494	0	2067
50496	1	1632
50497	0	1946
50500	1	5809
50701	0	1690
50703	0	1055
50704	0	2038
50707	1	1931
50708	0	1108
50712	0	1817
50715	0	1790
50716	0	1764
50719	0	1835
50722	0	1919
50723	0	1153
50728	0	1271
50729	1	2330
50731	0	1438
50735	0	1777
50736	0	1972
50740	0	1562
50741	0	803
50744	0	1055
50745	0	1432
50746	0	1614
50749	0	1214
50752	0	1750
50753	0	739
50755	0	1556
50756	0	1050
50760	0	880
50763	0	1399
50764	0	1058
50767	0	1513
50770	0	1662
50771	0	1200
50774	0	1438
50775	0	1246
50778	0	1779
50779	1	1077
50784	0	1182
50787	0	2044
50788	0	1422
50792	0	1529
50793	0	1480
50794	0	1268
50795	0	1878
50797	0	1641
50798	0	1426
50799	0	1883
51202	0	1872
51204	1	2418
51205	0	1337
51209	0	1885
51210	0	1173
51211	0	1816
51216	0	883
51219	0	1711
51220	0	1747
51221	1	1535
51223	1	855
51224	1	1631
51228	0	1109
51229	0	941
51233	0	2065
51234	0	1367
51236	0	872
51239	0	2032
51240	0	985
51241	0	1396
51243	0	1073
51244	1	930
51245	0	1751
51247	0	1951
51250	0	964
51254	0	1276
51257	0	1316
51258	0	1449
51259	0	1550
51262	0	931
51263	0	1535
51268	0	1465
51272	0	1960
51275	1	1015
51276	0	1186
51277	0	1225
51280	0	1242
51281	1	1407
51283	0	1678
51284	0	2013
51288	0	1496
51289	0	1749
51291	0	1100
51294	0	2256
51295	1	1493
51302	0	1223
51303	1	2088
51304	0	1961
51307	0	1347
51308	0	1646
51309	1	904
51313	0	2045
51319	0	1726
51324	0	1979
51327	0	1598
51328	0	1777
51329	NA	1373
51334	0	1530
51335	0	1150
51338	0	1965
51339	0	1755
51342	0	1444
51345	0	1054
51346	0	1046
51348	NA	NA
51350	0	1365
51351	0	1008
51355	0	1231
51356	1	1237
51359	0	1220
51360	0	950
51361	0	2508
51364	0	1709
51367	0	1653
51368	0	1077
51371	1	1218
51372	0	959
51375	0	1448
51376	0	1417
51377	0	930
51380	0	1271
51383	0	1541
51384	0	1414
51387	0	880
51388	0	1129
51392	0	663
51395	1	921
51396	0	1498
51399	0	918
51400	0	1247
51420	0	489
51454	0	945
51455	0	1168
51461	0	1147
51463	0	743
51602	0	2398
51603	0	1304
51604	1	1771
51607	0	1548
51608	0	2106
51609	0	2561
51613	0	2283
51614	0	2489
51616	0	2265
51618	0	1627
51621	0	1698
51624	0	1364
51627	0	1937
51628	0	1850
51631	0	2158
51634	0	1438
51641	1	1524
51642	0	1853
51644	0	1949
51645	0	2216
51648	0	935
51651	0	1360
51654	0	1059
51656	0	1624
51657	0	2000
51660	0	1944
51661	0	1512
51662	0	1322
51665	0	2258
51666	0	1438
51669	0	1605
51672	0	1596
51673	1	1575
51676	0	1257
51681	0	1444
51682	0	1374
51683	0	1096
51686	0	1675
51689	0	1753
51690	0	1423
51693	0	1871
51694	0	1336
51695	1	1891
51698	0	1225
51700	0	1220
51705	0	1546
51706	0	1203
51709	0	1455
51710	0	1054
51713	0	1661
51714	0	1387
51717	0	1330
51718	0	995
51722	0	845
51727	0	1732
51728	0	1212
51731	0	1472
51737	0	1431
51739	0	1581
51745	0	1984
51747	0	985
51748	0	1291
51752	0	564
51753	0	1604
51756	0	1023
51759	1	952
51760	0	2051
51764	0	1194
51765	0	1782
51767	0	1201
51770	0	743
51771	0	1696
51774	0	2025
51775	0	1108
51778	0	811
51779	0	1179
51782	0	760
51785	0	1110
51791	0	895
51794	0	1814
51795	0	1064
51801	0	1121
51804	0	663
51810	0	1317
51811	0	1548
51812	0	1922
51813	0	1281
51815	0	1894
51816	0	1036
51819	0	1518
51820	0	1649
51823	0	1669
51828	1	1187
51829	1	2454
51831	0	1577
51832	0	1618
51833	1	1906
51836	0	1935
51839	0	1891
51840	0	1631
51842	0	1584
51845	0	1696
51847	0	2400
51850	0	1591
51853	0	1678
51854	0	1420
51857	0	1542
51858	0	1030
51863	0	1717
51866	0	1617
51867	1	1541
51870	0	1613
51871	1	1396
51875	0	1784
51877	0	2156
51878	0	2072
51881	0	1152
51882	0	1892
51883	0	2145
51886	0	704
51890	0	1536
51891	0	2420
51892	0	922
51896	0	1164
51897	0	1469
51901	1	3168
51902	0	1553
51905	0	1548
51906	0	1415
51910	0	1381
51911	0	1915
51916	1	1939
51920	0	2405
51923	0	1449
51924	0	1183
51927	0	1689
51930	0	1422
51933	0	707
51935	0	1994
51936	0	1671
51940	0	1906
51941	1	2279
51944	0	1676
51947	0	1296
51949	1	573
51950	0	1776
51953	0	1492
51959	0	1445
51961	0	779
51962	0	1552
51965	0	1452
51966	0	1419
51971	0	923
51972	0	1129
51976	0	1179
51979	0	2408
51980	0	1985
51981	0	2091
51982	0	1902
51984	1	1696
51987	1	1249
51991	0	1783
51992	0	1325
51993	0	1918
51994	1	1978
51997	0	1182
51998	0	2235
52000	0	2111
52003	0	1215
52004	1	1710
52009	0	2346
52012	0	2006
52014	0	876
52015	0	1717
52018	0	1090
52019	0	1625
52022	0	1062
52026	0	925
52027	0	1305
52030	0	791
52031	0	1088
52036	0	1573
52040	0	864
52041	0	2317
52044	0	1701
52045	1	2998
52048	0	1548
52049	0	1471
52053	0	1276
52055	0	1588
52058	0	1425
52059	0	1321
52062	0	1706
52063	0	1738
52066	0	980
52067	0	1661
52071	1	1676
52072	1	1854
52073	0	1226
52076	0	1639
52077	1	1522
52079	1	1690
52081	0	2320
52083	0	1694
52088	0	1541
52092	0	1569
52093	0	1668
52096	0	1569
52099	0	1455
52101	0	2340
52102	0	1894
52103	0	1624
52107	0	1202
52108	0	1402
52109	0	1042
52112	0	1662
52115	0	1179
52116	0	1253
52117	0	1671
52120	0	1078
52123	0	1522
52124	0	1259
52127	0	1455
52131	0	1102
52132	0	1112
52136	0	1489
52138	0	730
52139	0	1164
52144	0	1166
52145	0	2117
52149	0	1191
52150	0	1326
52152	0	963
52153	0	1735
52156	0	1772
52159	0	1735
52161	0	1690
52162	1	1200
52164	0	1130
52165	0	2403
52168	0	1648
52169	0	1823
52173	0	1090
52174	0	1374
52175	0	1309
52177	0	926
52178	0	1508
52180	0	856
52182	0	1726
52185	0	1803
52186	0	1050
52191	0	1731
52192	0	1400
52193	0	1387
52197	1	2159
52198	0	1258
54100	0	909
54104	0	1804
54105	0	1447
54106	0	1613
54109	0	1685
54113	0	1304
54114	0	1303
54116	0	848
54117	0	1402
54121	0	1197
54124	0	1067
54125	0	1560
54126	0	1204
54130	0	1097
54131	0	1441
54133	0	1911
54134	0	2068
54138	0	2603
54139	0	1265
54141	0	1516
54142	0	724
54146	0	1999
54147	1	1128
54149	0	2198
54150	0	733
54153	0	1297
54154	0	1308
54157	0	2179
54158	0	839
54161	1	1283
54164	0	1233
54165	0	1931
54166	0	1826
54169	0	1868
54170	0	1989
54173	0	1338
54176	1	1299
54178	0	1519
54179	0	1307
54182	0	1648
54183	1	1598
54186	1	1219
54187	1	1690
54190	0	1175
54193	0	1493
54194	0	1524
54196	0	827
54198	0	1819
54199	0	1649
54201	0	1610
54207	0	1620
54209	0	1654
54213	0	1858
54216	0	1780
54217	0	1590
54220	0	1549
54221	0	1589
54226	0	1020
54227	0	1312
54229	0	1470
54230	0	951
54233	0	1798
54234	0	1324
54237	0	1990
54238	0	1975
54240	0	1844
54243	0	1449
54244	0	1644
54245	0	1672
54248	0	1848
54249	0	1103
54252	0	1643
54253	0	1611
54256	0	1037
54257	0	2557
54260	0	2172
54261	0	1155
54266	0	2362
54267	1	1220
54269	0	1648
54270	0	1182
54274	0	1131
54277	0	1659
54279	0	1173
54282	0	1776
54283	0	1110
54284	0	1266
54289	1	2576
54290	0	2036
54291	0	1484
54294	0	1844
54295	0	1088
54298	0	1323
54299	0	1282
54300	0	991
54303	0	1887
54304	0	1288
54307	0	1217
54310	0	1753
54311	0	1752
54315	0	2646
54316	0	1039
54319	0	1553
54320	0	1850
54323	0	1212
54324	0	1228
54327	0	2004
54330	0	1965
54331	0	1456
54332	0	1331
54335	0	2389
54336	0	NA
54339	0	1648
54340	0	NA
54343	0	1022
54346	0	NA
54347	0	1482
54350	0	NA
54352	0	1083
54353	0	1846
54357	0	2950
54359	0	1146
54360	0	2347
54363	0	1378
54367	0	1751
54368	1	2963
54371	0	2410
54372	0	2038
54375	0	1172
54376	0	1154
54379	0	2498
54380	0	1591
54383	1	1658
54384	0	1423
54385	0	2145
54386	NA	NA
54389	0	2928
54390	0	1718
54393	0	1587
54396	0	1313
54397	0	2298
54398	0	702
54805	0	1649
54808	0	1313
54809	0	1715
54812	0	1554
54813	0	1927
54816	0	1529
54817	0	2251
54818	0	1274
54821	0	2391
54822	0	1078
54824	0	1702
54827	0	1560
54829	0	1329
54830	1	1065
54835	0	1761
54836	0	1395
54841	0	1943
54842	0	1200
54847	0	1237
54848	0	1449
54851	1	1523
54853	0	1684
54854	0	1216
54859	0	2313
54862	0	1517
54863	0	1894
54864	0	1657
54867	0	1467
54868	0	1365
54871	0	1411
54872	1	1025
54875	0	1169
54876	0	1935
54879	0	888
54880	0	1801
54883	1	2641
54884	0	1504
54887	1	1016
54888	0	1310
54891	0	1991
54892	0	1750
54895	0	1770
54896	0	1652
54899	0	1162
54900	0	1610
56203	0	2194
56204	0	1314
56207	0	1721
56208	0	2206
56211	0	2224
56212	0	1834
56215	0	1290
56216	0	1548
56219	1	1896
56220	1	1437
56223	0	1518
56224	0	2736
56227	0	1456
56228	0	1613
56231	0	1949
56232	0	2571
56235	0	2162
56236	0	1392
56237	0	1125
56240	0	2115
56241	0	2178
56244	0	1327
56245	0	1245
56248	0	1565
56249	0	1483
56252	0	1628
56253	0	1724
56256	0	1862
56257	0	2001
56260	0	1051
56261	0	1824
56264	0	1062
56265	0	1570
56268	0	1237
56272	0	1144
56273	0	2140
56275	0	1621
56276	0	2271
56279	0	1460
56280	0	2035
56284	0	1075
