19	2.912	
19	3.014	
19	3.014	
19	3.014	
19	3.015	
19	3.025	
19	3.027	
19	3.034	
19	3.040	
19	3.048	
19	3.049	
19	3.067	
19	3.070	
19	3.078	
19	3.082	
19	3.091	
19	3.094	
19	3.095	
19	3.105	
19	3.107	
19	3.163	
19	3.168	
19	3.203	
19	3.313	
19	3.345	
19	3.351	
19	3.367	
19	4.042	
19	4.043	
19	4.088	
19	4.088	
19	4.088	
19	4.142	
19	4.143	
19	4.143	
19	4.146	
19	4.147	
19	4.147	
19	4.148	
19	4.148	
19	4.157	
19	4.164	
19	4.182	
19	4.193	
19	4.220	
19	4.234	
19	4.235	
19	4.235	
19	4.235	
19	4.235	
19	4.242	
19	4.245	
19	4.246	
19	4.246	
19	4.246	
19	4.246	
19	4.251	
19	4.280	
19	4.287	
19	4.298	
19	4.306	
19	4.306	
19	4.307	
19	4.310	
19	4.311	
19	4.311	
19	4.311	
19	4.311	
19	4.311	
19	4.312	
19	4.312	
19	4.313	
19	4.313	
19	4.313	
19	4.313	
19	4.314	
19	4.314	
19	4.315	
19	4.317	
19	4.317	
19	4.317	
19	4.319	
19	4.320	
19	4.320	
19	4.320	
19	4.320	
19	4.320	
19	4.320	
19	4.320	
19	4.321	
19	4.321	
19	4.321	
19	4.321	
19	4.321	
19	4.321	
19	4.321	
19	4.322	
19	4.322	
19	4.322	
19	4.322	
19	4.322	
19	4.322	
19	4.322	
19	4.322	
19	4.323	
19	4.323	
19	4.325	
19	4.326	
19	4.327	
19	4.327	
19	4.327	
19	4.327	
19	4.327	
19	4.327	
19	4.328	
19	4.328	
19	4.328	
19	4.329	
19	4.329	
19	4.329	
19	4.329	
19	4.330	
19	4.333	
19	4.333	
19	4.333	
19	4.336	
19	4.336	
19	4.336	
19	4.337	
19	4.337	
19	4.337	
19	4.337	
19	4.339	
19	4.342	
19	4.343	
19	4.343	
19	4.344	
19	4.345	
19	4.345	
19	4.345	
19	4.346	
19	4.348	
19	4.350	
19	4.354	
19	4.357	
19	4.357	
19	4.360	
19	4.364	
19	4.365	
19	4.368	
19	4.368	
19	4.368	
19	4.368	
19	4.383	
19	4.383	
19	4.387	
19	4.387	
19	4.392	
19	4.392	
19	4.397	
19	4.540	
19	4.553	
19	4.561	
19	4.561	
19	4.567	
19	4.567	
19	4.568	
19	4.640	
19	4.785	
19	5.207	
19	6.035	
19	6.036	
19	6.036	
19	6.036	
19	6.037	
19	6.037	
19	6.038	
19	6.038	
19	6.038	
19	6.038	
19	6.038	
19	6.038	
19	6.039	
19	6.040	
19	6.040	
19	6.041	
19	6.050	
19	6.051	
19	6.052	
19	6.053	
19	6.055	
19	6.055	
19	6.056	
19	6.056	
19	6.056	
19	6.056	
19	6.056	
19	6.056	
19	6.056	
19	6.077	
19	6.078	
19	6.078	
19	6.078	
19	6.078	
19	6.079	
19	6.080	
19	6.080	
19	6.081	
19	6.081	
19	6.081	
19	6.081	
19	6.081	
19	6.085	
19	6.085	
19	6.085	
19	6.085	
19	6.085	
19	6.085	
19	6.085	
19	6.085	
19	6.278	
19	6.280	
19	6.286	
19	6.286	
19	6.295	
19	6.320	
19	6.329	
19	6.333	
19	6.334	
19	6.334	
19	6.335	
19	6.337	
19	6.337	
19	6.341	
19	6.341	
19	6.341	
19	6.353	
19	6.357	
19	6.357	
19	6.357	
19	6.358	
19	6.361	
19	6.362	
19	6.377	
19	6.381	
19	6.381	
19	6.381	
19	6.387	
19	6.399	
19	6.408	
19	6.425	
19	6.437	
19	6.448	
19	6.453	
19	6.477	
19	6.479	
19	6.479	
19	6.483	
19	6.490	
19	6.490	
19	6.492	
19	6.493	
19	6.493	
19	6.493	
19	6.496	
19	6.496	
19	6.497	
19	6.498	
19	6.508	
19	6.510	
19	6.512	
19	6.529	
19	6.537	
19	6.538	
19	6.538	
19	6.538	
19	6.538	
19	6.538	
19	6.538	
19	6.538	
19	6.538	
19	6.538	
19	6.538	
19	6.538	
19	6.538	
19	6.539	
19	6.539	
19	6.539	
19	6.541	
19	6.541	
19	6.545	
19	6.551	
19	6.556	
19	6.559	
19	6.561	
19	6.562	
19	6.562	
19	6.562	
19	6.566	
19	6.570	
19	6.570	
19	6.572	
19	6.572	
19	6.572	
19	6.572	
19	6.572	
19	6.572	
19	6.572	
19	6.572	
19	6.572	
19	6.572	
19	6.572	
19	6.573	
19	6.574	
19	6.575	
19	6.575	
19	6.575	
19	6.576	
19	6.577	
19	6.578	
19	6.578	
19	6.578	
19	6.579	
19	6.580	
19	6.582	
19	6.582	
19	6.583	
19	6.583	
19	6.584	
19	6.584	
19	6.584	
19	6.584	
19	6.584	
19	6.585	
19	6.586	
19	6.586	
19	6.587	
19	6.587	
19	6.588	
19	6.588	
19	6.589	
19	6.590	
19	6.590	
19	6.590	
19	6.591	
19	6.591	
19	6.592	
19	6.592	
19	6.592	
19	6.593	
19	6.593	
19	6.593	
19	6.593	
19	6.593	
19	6.593	
19	6.594	
19	6.594	
19	6.594	
19	6.594	
19	6.595	
19	6.595	
19	6.595	
19	6.595	
19	6.679	
19	6.711	
19	6.901	
19	6.915	
19	6.915	
19	6.922	
19	6.922	
19	6.925	
19	6.925	
19	6.972	
19	6.973	
19	8.023	
19	8.037	
19	8.037	
19	8.045	
19	8.072	
19	8.072	
19	8.073	
19	8.080	
19	8.110	
19	8.111	
19	8.126	
19	8.126	
19	8.163	
19	8.172	
19	8.184	
19	8.184	
19	8.185	
19	8.225	
19	8.228	
19	8.514	
19	8.825	
19	8.887	
19	8.901	
19	8.902	
19	8.902	
19	8.902	
19	8.902	
19	8.904	
19	8.906	
19	8.906	
19	8.906	
19	9.017	
19	9.017	
19	9.020	
19	9.066	
19	9.066	
19	9.068	
19	9.071	
19	9.072	
19	9.072	
19	9.074	
19	9.075	
19	9.079	
19	9.085	
19	9.086	
19	9.086	
19	9.086	
19	9.087	
19	9.098	
19	9.098	
19	9.098	
19	9.098	
19	9.099	
19	9.105	
19	9.108	
19	9.108	
19	9.108	
19	9.109	
19	9.115	
19	9.116	
19	9.118	
19	9.122	
19	9.125	
19	9.130	
19	9.131	
19	9.132	
19	9.133	
19	9.134	
19	9.135	
19	9.136	
19	9.139	
19	9.148	
19	9.148	
19	9.150	
19	9.150	
19	9.151	
19	9.156	
19	9.158	
19	9.169	
19	9.169	
19	9.169	
19	9.173	
19	9.174	
19	9.177	
19	9.195	
19	9.260	
19	9.261	
19	9.261	
19	9.278	
19	9.299	
19	9.299	
19	9.299	
19	9.307	
19	9.482	
19	9.498	
19	9.499	
19	9.509	
19	9.509	
19	9.509	
19	9.519	
19	9.521	
19	9.525	
19	9.525	
19	9.559	
19	9.559	
19	9.560	
19	9.562	
19	9.562	
19	9.562	
19	9.562	
19	9.563	
19	9.563	
19	9.565	
19	9.590	
19	9.590	
19	9.613	
19	9.613	
19	9.614	
19	9.614	
19	9.666	
19	9.666	
19	9.687	
19	9.687	
19	9.688	
19	9.688	
19	9.706	
19	9.706	
19	9.706	
19	9.707	
19	9.707	
19	9.707	
19	9.712	
19	10.213	
19	10.311	
19	10.344	
19	10.344	
19	10.344	
19	10.344	
19	10.344	
19	10.344	
19	10.344	
19	10.346	
19	10.350	
19	10.355	
19	10.357	
19	10.357	
19	10.357	
19	10.357	
19	10.366	
19	10.385	
19	10.387	
19	10.390	
19	10.402	
19	10.415	
19	10.420	
19	10.423	
19	10.427	
19	10.427	
19	10.452	
19	10.465	
19	10.466	
19	10.493	
19	10.508	
19	10.508	
19	10.515	
19	10.515	
19	10.515	
19	10.515	
19	10.516	
19	10.517	
19	10.517	
19	10.517	
19	10.517	
19	10.522	
19	10.523	
19	10.568	
19	10.568	
19	10.589	
19	10.590	
19	10.590	
19	10.596	
19	10.596	
19	10.596	
19	10.599	
19	10.613	
19	10.614	
19	10.614	
19	10.617	
19	10.617	
19	10.617	
19	10.620	
19	10.620	
19	10.626	
19	10.654	
19	10.734	
19	10.748	
19	10.748	
19	10.751	
19	10.751	
19	10.752	
19	10.752	
19	10.752	
19	10.752	
19	10.752	
19	10.752	
19	10.752	
19	10.752	
19	10.753	
19	10.755	
19	10.791	
19	10.791	
19	10.791	
19	10.795	
19	10.796	
19	10.796	
19	10.796	
19	10.796	
19	10.796	
19	10.804	
19	10.804	
19	10.804	
19	10.804	
19	10.805	
19	10.838	
19	10.849	
19	10.868	
19	10.869	
19	10.875	
19	10.875	
19	10.876	
19	10.876	
19	10.876	
19	10.877	
19	10.877	
19	10.877	
19	10.877	
19	10.877	
19	11.015	
19	11.049	
19	11.073	
19	11.073	
19	11.073	
19	11.075	
19	11.082	
19	11.082	
19	11.082	
19	11.085	
19	11.085	
19	11.093	
19	11.094	
19	11.095	
19	11.096	
19	11.112	
19	11.198	
19	11.212	
19	11.213	
19	11.213	
19	11.214	
19	11.214	
19	11.214	
19	11.216	
19	11.216	
19	11.217	
19	11.222	
19	11.232	
19	11.232	
19	11.285	
19	11.313	
19	11.313	
19	11.317	
19	11.421	
19	11.436	
19	11.436	
19	11.441	
19	11.485	
19	11.486	
19	11.491	
19	11.562	
19	11.757	
19	11.777	
19	11.778	
19	11.778	
19	11.783	
19	11.783	
19	11.783	
19	11.792	
19	11.792	
19	11.792	
19	11.792	
19	11.815	
19	11.824	
19	11.840	
19	11.922	
19	11.935	
19	11.936	
19	11.936	
19	11.936	
19	11.941	
19	11.956	
19	11.956	
19	11.967	
19	11.968	
19	11.973	
19	11.974	
19	11.980	
19	11.980	
19	11.980	
19	11.982	
19	11.998	
19	12.000	
19	12.000	
19	12.007	
19	12.060	
19	12.074	
19	12.097	
19	12.097	
19	12.130	
19	12.130	
19	12.133	
19	12.133	
19	12.137	
19	12.152	
19	12.165	
19	12.181	
19	12.181	
19	12.181	
19	12.184	
19	12.184	
19	12.185	
19	12.240	
19	12.240	
19	12.244	
19	12.244	
19	12.244	
19	12.356	
19	12.360	
19	12.361	
19	12.364	
19	12.365	
19	12.365	
19	12.375	
19	12.380	
19	12.380	
19	12.396	
19	12.426	
19	12.427	
19	12.432	
19	12.434	
19	12.436	
19	12.436	
19	12.436	
19	12.437	
19	12.438	
19	12.438	
19	12.549	
19	12.584	
19	12.584	
19	12.584	
19	12.585	
19	12.585	
19	12.585	
19	12.586	
19	12.586	
19	12.586	
19	12.586	
19	12.586	
19	12.586	
19	12.588	
19	12.588	
19	12.588	
19	12.591	
19	12.591	
19	12.591	
19	12.592	
19	12.592	
19	12.592	
19	12.594	
19	12.594	
19	12.595	
19	12.595	
19	12.595	
19	12.595	
19	12.596	
19	12.597	
19	12.598	
19	12.605	
19	12.605	
19	12.605	
19	12.606	
19	12.606	
19	12.606	
19	12.606	
19	12.606	
19	12.612	
19	12.622	
19	12.622	
19	12.622	
19	12.622	
19	12.622	
19	12.623	
19	12.630	
19	12.630	
19	12.633	
19	12.633	
19	12.633	
19	12.645	
19	12.645	
19	12.645	
19	12.646	
19	12.648	
19	12.648	
19	12.652	
19	12.657	
19	12.666	
19	12.666	
19	12.667	
19	12.667	
19	12.668	
19	12.668	
19	12.669	
19	12.669	
19	12.669	
19	12.678	
19	12.682	
19	12.685	
19	12.699	
19	12.700	
19	12.703	
19	12.706	
19	12.709	
19	12.709	
19	12.710	
19	12.733	
19	12.734	
19	12.734	
19	12.734	
19	12.734	
19	12.734	
19	12.735	
19	12.735	
19	12.735	
19	12.735	
19	12.738	
19	12.739	
19	12.739	
19	12.748	
19	12.758	
19	12.758	
19	12.758	
19	12.759	
19	12.759	
19	12.759	
19	12.769	
19	12.776	
19	12.778	
19	12.780	
19	12.786	
19	12.786	
19	12.809	
19	12.822	
19	12.824	
19	12.825	
19	12.831	
19	12.831	
19	12.832	
19	12.832	
19	12.836	
19	12.839	
19	12.852	
19	12.852	
19	12.856	
19	12.874	
19	12.874	
19	12.874	
19	12.878	
19	12.878	
19	12.878	
19	12.878	
19	12.878	
19	12.878	
19	12.879	
19	12.879	
19	12.879	
19	12.879	
19	12.879	
19	12.879	
19	12.879	
19	12.879	
19	12.879	
19	12.879	
19	12.879	
19	12.888	
19	12.888	
19	12.888	
19	12.888	
19	12.905	
19	12.911	
19	12.916	
19	12.920	
19	12.922	
19	12.925	
19	12.925	
19	12.926	
19	12.931	
19	12.931	
19	12.932	
19	12.933	
19	12.942	
19	12.943	
19	12.943	
19	12.943	
19	12.943	
19	12.943	
19	12.951	
19	12.951	
19	12.957	
19	12.963	
19	12.963	
19	12.963	
19	12.963	
19	12.963	
19	12.963	
19	12.974	
19	12.982	
19	12.988	
19	12.988	
19	12.988	
19	12.988	
19	12.988	
19	12.988	
19	12.988	
19	12.990	
19	12.992	
19	12.992	
19	12.992	
19	12.992	
19	12.992	
19	12.995	
19	12.996	
19	13.001	
19	13.001	
19	13.001	
19	13.002	
19	13.002	
19	13.002	
19	13.003	
19	13.004	
19	13.004	
19	13.007	
19	13.007	
19	13.007	
19	13.007	
19	13.007	
19	13.008	
19	13.008	
19	13.008	
19	13.013	
19	13.013	
19	13.014	
19	13.018	
19	13.022	
19	13.022	
19	13.022	
19	13.023	
19	13.024	
19	13.026	
19	13.026	
19	13.026	
19	13.026	
19	13.032	
19	13.032	
19	13.036	
19	13.036	
19	13.036	
19	13.036	
19	13.037	
19	13.039	
19	13.039	
19	13.039	
19	13.040	
19	13.041	
19	13.044	
19	13.044	
19	13.044	
19	13.044	
19	13.044	
19	13.052	
19	13.059	
19	13.059	
19	13.059	
19	13.070	
19	13.073	
19	13.078	
19	13.079	
19	13.082	
19	13.082	
19	13.082	
19	13.082	
19	13.082	
19	13.082	
19	13.083	
19	13.083	
19	13.083	
19	13.084	
19	13.086	
19	13.086	
19	13.090	
19	13.099	
19	13.125	
19	13.125	
19	13.127	
19	13.128	
19	13.128	
19	13.128	
19	13.128	
19	13.128	
19	13.128	
19	13.130	
19	13.130	
19	13.130	
19	13.130	
19	13.134	
19	13.134	
19	13.138	
19	13.139	
19	13.141	
19	13.188	
19	13.203	
19	13.203	
19	13.203	
19	13.203	
19	13.206	
19	13.206	
19	13.206	
19	13.206	
19	13.206	
19	13.206	
19	13.206	
19	13.206	
19	13.208	
19	13.208	
19	13.210	
19	13.210	
19	13.212	
19	13.238	
19	13.239	
19	13.239	
19	13.239	
19	13.239	
19	13.240	
19	13.240	
19	13.240	
19	13.240	
19	13.240	
19	13.240	
19	13.240	
19	13.242	
19	13.242	
19	13.242	
19	13.245	
19	13.245	
19	13.245	
19	13.245	
19	13.245	
19	13.245	
19	13.245	
19	13.247	
19	13.247	
19	13.247	
19	13.247	
19	13.247	
19	13.247	
19	13.248	
19	13.248	
19	13.249	
19	13.249	
19	13.249	
19	13.249	
19	13.249	
19	13.252	
19	13.253	
19	13.259	
19	13.259	
19	13.259	
19	13.259	
19	13.264	
19	13.264	
19	13.265	
19	13.279	
19	13.279	
19	13.279	
19	13.284	
19	13.293	
19	13.312	
19	13.312	
19	13.312	
19	13.312	
19	13.312	
19	13.312	
19	13.312	
19	13.314	
19	13.316	
19	13.318	
19	13.318	
19	13.322	
19	13.322	
19	13.322	
19	13.338	
19	13.338	
19	13.338	
19	13.341	
19	13.341	
19	13.341	
19	13.341	
19	13.344	
19	13.344	
19	13.344	
19	13.344	
19	13.344	
19	13.344	
19	13.348	
19	13.363	
19	13.394	
19	13.421	
19	13.471	
19	13.473	
19	13.474	
19	13.475	
19	13.475	
19	13.478	
19	13.484	
19	13.509	
19	13.509	
19	13.509	
19	13.509	
19	13.509	
19	13.509	
19	13.509	
19	13.509	
19	13.509	
19	13.509	
19	13.510	
19	13.510	
19	13.510	
19	13.510	
19	13.511	
19	13.511	
19	13.512	
19	13.513	
19	13.513	
19	13.516	
19	13.516	
19	13.516	
19	13.516	
19	13.520	
19	13.526	
19	13.535	
19	13.541	
19	13.546	
19	13.548	
19	13.561	
19	13.562	
19	13.562	
19	13.562	
19	13.562	
19	13.564	
19	13.570	
19	13.571	
19	13.615	
19	13.720	
19	13.720	
19	13.720	
19	13.720	
19	13.722	
19	13.724	
19	13.724	
19	13.724	
19	13.724	
19	13.724	
19	13.724	
19	13.724	
19	13.725	
19	13.725	
19	13.725	
19	13.725	
19	13.725	
19	13.736	
19	13.736	
19	13.736	
19	13.736	
19	13.736	
19	13.736	
19	13.738	
19	13.744	
19	13.747	
19	13.747	
19	13.747	
19	13.753	
19	13.754	
19	13.754	
19	13.754	
19	13.754	
19	13.754	
19	13.754	
19	13.758	
19	13.759	
19	13.759	
19	13.760	
19	13.761	
19	13.761	
19	13.763	
19	13.763	
19	13.764	
19	13.764	
19	13.766	
19	13.766	
19	13.766	
19	13.766	
19	13.766	
19	13.770	
19	13.770	
19	13.770	
19	13.770	
19	13.770	
19	13.770	
19	13.770	
19	13.770	
19	13.774	
19	13.774	
19	13.776	
19	13.776	
19	13.778	
19	13.781	
19	13.781	
19	13.783	
19	13.784	
19	13.788	
19	13.788	
19	13.788	
19	13.788	
19	13.788	
19	13.789	
19	13.789	
19	13.791	
19	13.792	
19	13.792	
19	13.792	
19	13.792	
19	13.792	
19	13.792	
19	13.792	
19	13.794	
19	13.798	
19	13.798	
19	13.798	
19	13.798	
19	13.798	
19	13.798	
19	13.799	
19	13.799	
19	13.799	
19	13.801	
19	13.801	
19	13.801	
19	13.801	
19	13.801	
19	13.802	
19	13.802	
19	13.802	
19	13.804	
19	13.805	
19	13.805	
19	13.805	
19	13.805	
19	13.805	
19	13.805	
19	13.805	
19	13.805	
19	13.805	
19	13.805	
19	13.805	
19	13.805	
19	13.805	
19	13.805	
19	13.805	
19	13.805	
19	13.806	
19	13.807	
19	13.807	
19	13.807	
19	13.811	
19	13.814	
19	13.814	
19	13.814	
19	13.818	
19	13.826	
19	13.829	
19	13.829	
19	13.832	
19	13.832	
19	13.833	
19	13.833	
19	13.836	
19	13.836	
19	13.837	
19	13.837	
19	13.837	
19	13.837	
19	13.837	
19	13.841	
19	13.843	
19	13.843	
19	13.843	
19	13.843	
19	13.843	
19	13.843	
19	13.843	
19	13.843	
19	13.843	
19	13.844	
19	13.846	
19	13.846	
19	13.847	
19	13.847	
19	13.847	
19	13.849	
19	13.849	
19	13.849	
19	13.850	
19	13.850	
19	13.850	
19	13.850	
19	13.852	
19	13.861	
19	13.861	
19	13.861	
19	13.861	
19	13.862	
19	13.862	
19	13.865	
19	13.865	
19	13.868	
19	13.871	
19	13.871	
19	13.872	
19	13.873	
19	13.875	
19	13.875	
19	13.875	
19	13.875	
19	13.875	
19	13.880	
19	13.883	
19	13.884	
19	13.884	
19	13.884	
19	13.884	
19	13.885	
19	13.885	
19	13.887	
19	13.889	
19	13.889	
19	13.889	
19	13.889	
19	13.889	
19	13.889	
19	13.890	
19	13.890	
19	13.890	
19	13.890	
19	13.890	
19	13.893	
19	13.897	
19	13.897	
19	13.897	
19	13.897	
19	13.898	
19	13.899	
19	13.899	
19	13.902	
19	13.904	
19	13.904	
19	13.905	
19	13.905	
19	13.905	
19	13.905	
19	13.905	
19	13.905	
19	13.906	
19	13.908	
19	13.909	
19	13.909	
19	13.912	
19	13.912	
19	13.912	
19	13.912	
19	13.912	
19	13.912	
19	13.914	
19	13.914	
19	13.914	
19	13.914	
19	13.916	
19	13.916	
19	13.917	
19	13.917	
19	13.917	
19	13.918	
19	13.921	
19	13.922	
19	13.922	
19	13.923	
19	13.926	
19	13.926	
19	13.926	
19	13.926	
19	13.926	
19	13.931	
19	13.931	
19	13.933	
19	13.933	
19	13.933	
19	13.935	
19	13.935	
19	13.937	
19	13.940	
19	13.940	
19	13.954	
19	13.957	
19	13.958	
19	13.959	
19	13.960	
19	13.960	
19	13.960	
19	13.960	
19	13.962	
19	13.962	
19	13.962	
19	13.962	
19	13.962	
19	13.962	
19	13.962	
19	13.962	
19	13.962	
19	13.962	
19	13.962	
19	13.962	
19	13.962	
19	13.962	
19	13.962	
19	13.962	
19	13.962	
19	13.963	
19	13.963	
19	13.963	
19	13.965	
19	13.965	
19	13.966	
19	13.966	
19	13.967	
19	13.969	
19	13.969	
19	13.969	
19	13.969	
19	13.969	
19	13.969	
19	13.969	
19	13.969	
19	13.969	
19	13.973	
19	13.973	
19	13.973	
19	13.974	
19	13.975	
19	13.979	
19	13.980	
19	13.980	
19	13.982	
19	13.982	
19	13.982	
19	13.982	
19	13.983	
19	13.983	
19	13.983	
19	13.983	
19	13.983	
19	13.983	
19	13.983	
19	13.983	
19	13.983	
19	13.983	
19	13.983	
19	13.983	
19	13.983	
19	13.983	
19	13.986	
19	13.986	
19	13.987	
19	13.987	
19	13.987	
19	13.987	
19	13.990	
19	13.990	
19	13.990	
19	13.991	
19	13.991	
19	13.991	
19	13.991	
19	13.991	
19	13.991	
19	13.991	
19	13.992	
19	13.992	
19	13.994	
19	13.994	
19	13.994	
19	13.994	
19	13.995	
19	13.995	
19	13.995	
19	13.999	
19	13.999	
19	13.999	
19	13.999	
19	13.999	
19	14.008	
19	14.010	
19	14.011	
19	14.012	
19	14.012	
19	14.015	
19	14.016	
19	14.016	
19	14.016	
19	14.016	
19	14.018	
19	14.018	
19	14.019	
19	14.019	
19	14.019	
19	14.022	
19	14.023	
19	14.025	
19	14.027	
19	14.027	
19	14.027	
19	14.027	
19	14.027	
19	14.027	
19	14.027	
19	14.027	
19	14.027	
19	14.027	
19	14.027	
19	14.027	
19	14.027	
19	14.027	
19	14.027	
19	14.027	
19	14.028	
19	14.029	
19	14.034	
19	14.034	
19	14.035	
19	14.036	
19	14.036	
19	14.043	
19	14.043	
19	14.043	
19	14.043	
19	14.044	
19	14.053	
19	14.054	
19	14.054	
19	14.056	
19	14.061	
19	14.061	
19	14.062	
19	14.062	
19	14.067	
19	14.067	
19	14.067	
19	14.074	
19	14.074	
19	14.074	
19	14.074	
19	14.075	
19	14.075	
19	14.075	
19	14.079	
19	14.079	
19	14.079	
19	14.079	
19	14.079	
19	14.080	
19	14.080	
19	14.091	
19	14.091	
19	14.107	
19	14.107	
19	14.107	
19	14.107	
19	14.114	
19	14.114	
19	14.114	
19	14.120	
19	14.131	
19	14.131	
19	14.138	
19	14.138	
19	14.138	
19	14.145	
19	14.145	
19	14.145	
19	14.153	
19	14.161	
19	14.161	
19	14.161	
19	14.161	
19	14.161	
19	14.161	
19	14.161	
19	14.161	
19	14.166	
19	14.167	
19	14.167	
19	14.167	
19	14.167	
19	14.169	
19	14.181	
19	14.181	
19	14.187	
19	14.188	
19	14.189	
19	14.189	
19	14.193	
19	14.193	
19	14.194	
19	14.197	
19	14.201	
19	14.208	
19	14.209	
19	14.214	
19	14.214	
19	14.214	
19	14.214	
19	14.214	
19	14.214	
19	14.216	
19	14.216	
19	14.216	
19	14.216	
19	14.219	
19	14.220	
19	14.220	
19	14.220	
19	14.220	
19	14.232	
19	14.232	
19	14.239	
19	14.239	
19	14.239	
19	14.239	
19	14.240	
19	14.240	
19	14.249	
19	14.253	
19	14.253	
19	14.253	
19	14.253	
19	14.253	
19	14.255	
19	14.255	
19	14.266	
19	14.267	
19	14.276	
19	14.278	
19	14.278	
19	14.278	
19	14.278	
19	14.286	
19	14.286	
19	14.287	
19	14.287	
19	14.288	
19	14.288	
19	14.288	
19	14.288	
19	14.288	
19	14.288	
19	14.288	
19	14.298	
19	14.299	
19	14.299	
19	14.299	
19	14.299	
19	14.308	
19	14.314	
19	14.314	
19	14.314	
19	14.314	
19	14.314	
19	14.314	
19	14.317	
19	14.324	
19	14.324	
19	14.325	
19	14.341	
19	14.341	
19	14.341	
19	14.341	
19	14.341	
19	14.341	
19	14.356	
19	14.356	
19	14.356	
19	14.356	
19	14.356	
19	14.357	
19	14.357	
19	14.357	
19	14.357	
19	14.379	
19	14.409	
19	14.413	
19	14.413	
19	14.442	
19	14.448	
19	14.448	
19	14.448	
19	14.448	
19	14.482	
19	14.482	
19	14.483	
19	14.483	
19	14.483	
19	14.496	
19	14.499	
19	14.499	
19	14.500	
19	14.500	
19	14.500	
19	14.500	
19	14.500	
19	14.510	
19	14.511	
19	14.511	
19	14.511	
19	14.528	
19	14.528	
19	14.531	
19	14.531	
19	14.538	
19	14.538	
19	14.538	
19	14.552	
19	14.572	
19	14.572	
19	14.572	
19	14.572	
19	14.581	
19	14.581	
19	14.582	
19	14.582	
19	14.582	
19	14.584	
19	14.584	
19	14.595	
19	14.595	
19	14.595	
19	14.603	
19	14.630	
19	14.630	
19	14.632	
19	14.638	
19	14.638	
19	14.639	
19	14.680	
19	14.680	
19	14.680	
19	14.680	
19	14.680	
19	14.684	
19	14.684	
19	14.688	
19	14.688	
19	14.689	
19	14.689	
19	14.689	
19	14.689	
19	14.691	
19	14.692	
19	14.692	
19	14.692	
19	14.692	
19	14.693	
19	14.694	
19	14.694	
19	14.694	
19	14.696	
19	14.697	
19	14.697	
19	14.697	
19	14.698	
19	14.698	
19	14.698	
19	14.699	
19	14.700	
19	14.700	
19	14.700	
19	14.700	
19	14.720	
19	14.720	
19	14.720	
19	14.720	
19	14.740	
19	14.761	
19	14.761	
19	14.761	
19	14.761	
19	14.762	
19	14.787	
19	14.793	
19	14.798	
19	14.798	
19	14.799	
19	14.801	
19	14.812	
19	14.813	
19	14.813	
19	14.827	
19	14.827	
19	14.827	
19	14.828	
19	14.829	
19	14.829	
19	14.829	
19	14.832	
19	14.836	
19	14.836	
19	14.847	
19	14.847	
19	14.847	
19	14.847	
19	14.877	
19	14.877	
19	14.878	
19	14.878	
19	14.878	
19	14.891	
19	14.891	
19	14.891	
19	14.891	
19	14.904	
19	14.905	
19	14.905	
19	14.905	
19	14.905	
19	14.905	
19	14.905	
19	14.911	
19	14.929	
19	14.929	
19	14.930	
19	14.930	
19	14.930	
19	14.930	
19	14.930	
19	14.940	
19	14.950	
19	14.950	
19	14.951	
19	14.960	
19	14.960	
19	14.960	
19	14.961	
19	14.973	
19	14.973	
19	14.973	
19	14.973	
19	14.974	
19	14.979	
19	14.995	
19	14.995	
19	15.005	
19	15.005	
19	15.021	
19	15.037	
19	15.037	
19	15.051	
19	15.052	
19	15.070	
19	15.075	
19	15.077	
19	15.078	
19	15.078	
19	15.095	
19	15.095	
19	15.096	
19	15.099	
19	15.099	
19	15.099	
19	15.100	
19	15.133	
19	15.133	
19	15.133	
19	15.137	
19	15.139	
19	15.139	
19	15.140	
19	15.143	
19	15.150	
19	15.153	
19	15.176	
19	15.176	
19	15.176	
19	15.176	
19	15.176	
19	15.176	
19	15.183	
19	15.197	
19	15.205	
19	15.205	
19	15.205	
19	15.207	
19	15.208	
19	15.208	
19	15.211	
19	15.211	
19	15.212	
19	15.212	
19	15.252	
19	15.253	
19	15.260	
19	15.282	
19	15.283	
19	15.283	
19	15.284	
19	15.285	
19	15.314	
19	15.315	
19	15.332	
19	15.334	
19	15.334	
19	15.334	
19	15.334	
19	15.347	
19	15.348	
19	15.370	
19	15.381	
19	15.381	
19	15.403	
19	15.403	
19	15.404	
19	15.406	
19	15.407	
19	15.410	
19	15.463	
19	15.484	
19	15.492	
19	15.495	
19	15.505	
19	15.539	
19	15.539	
19	15.548	
19	15.548	
19	15.548	
19	15.550	
19	15.550	
19	15.554	
19	15.554	
19	15.554	
19	15.554	
19	15.554	
19	15.555	
19	15.555	
19	15.555	
19	15.555	
19	15.555	
19	15.558	
19	15.559	
19	15.561	
19	15.561	
19	15.561	
19	15.564	
19	15.564	
19	15.565	
19	15.565	
19	15.565	
19	15.565	
19	15.579	
19	15.582	
19	15.583	
19	15.583	
19	15.583	
19	15.584	
19	15.584	
19	15.588	
19	15.588	
19	15.588	
19	15.589	
19	15.589	
19	15.591	
19	15.594	
19	15.596	
19	15.596	
19	15.600	
19	15.605	
19	15.605	
19	15.607	
19	15.608	
19	15.608	
19	15.608	
19	15.608	
19	15.608	
19	15.608	
19	15.610	
19	15.611	
19	15.611	
19	15.612	
19	15.612	
19	15.612	
19	15.612	
19	15.613	
19	15.613	
19	15.613	
19	15.614	
19	15.614	
19	15.616	
19	15.616	
19	15.619	
19	15.619	
19	15.622	
19	15.622	
19	15.622	
19	15.624	
19	15.624	
19	15.625	
19	15.625	
19	15.625	
19	15.625	
19	15.625	
19	15.625	
19	15.626	
19	15.626	
19	15.626	
19	15.626	
19	15.626	
19	15.627	
19	15.627	
19	15.627	
19	15.631	
19	15.631	
19	15.631	
19	15.631	
19	15.631	
19	15.631	
19	15.631	
19	15.632	
19	15.636	
19	15.636	
19	15.636	
19	15.637	
19	15.639	
19	15.639	
19	15.639	
19	15.639	
19	15.639	
19	15.639	
19	15.640	
19	15.642	
19	15.642	
19	15.642	
19	15.643	
19	15.643	
19	15.650	
19	15.650	
19	15.651	
19	15.668	
19	15.679	
19	15.679	
19	15.679	
19	15.679	
19	15.680	
19	15.680	
19	15.680	
19	15.681	
19	15.683	
19	15.684	
19	15.684	
19	15.684	
19	15.685	
19	15.685	
19	15.685	
19	15.685	
19	15.685	
19	15.685	
19	15.685	
19	15.685	
19	15.686	
19	15.691	
19	15.691	
19	15.692	
19	15.692	
19	15.692	
19	15.693	
19	15.698	
19	15.698	
19	15.698	
19	15.698	
19	15.698	
19	15.698	
19	15.699	
19	15.699	
19	15.699	
19	15.699	
19	15.700	
19	15.700	
19	15.700	
19	15.701	
19	15.707	
19	15.707	
19	15.708	
19	15.708	
19	15.717	
19	15.717	
19	15.722	
19	15.722	
19	15.723	
19	15.726	
19	15.726	
19	15.726	
19	15.726	
19	15.726	
19	15.737	
19	15.737	
19	15.740	
19	15.763	
19	15.766	
19	15.766	
19	15.766	
19	15.766	
19	15.766	
19	15.766	
19	15.766	
19	15.769	
19	15.770	
19	15.770	
19	15.800	
19	15.810	
19	15.810	
19	15.810	
19	15.810	
19	15.816	
19	15.817	
19	15.818	
19	15.818	
19	15.818	
19	15.819	
19	15.819	
19	15.821	
19	15.828	
19	15.828	
19	15.828	
19	15.828	
19	15.838	
19	15.838	
19	15.838	
19	15.841	
19	15.841	
19	15.842	
19	15.842	
19	15.846	
19	15.847	
19	15.854	
19	15.854	
19	15.863	
19	15.863	
19	15.867	
19	15.868	
19	15.868	
19	15.872	
19	15.873	
19	15.873	
19	15.873	
19	15.874	
19	15.874	
19	15.874	
19	15.874	
19	15.875	
19	15.876	
19	15.876	
19	15.876	
19	15.884	
19	15.888	
19	15.888	
19	15.888	
19	15.890	
19	15.892	
19	15.897	
19	15.897	
19	15.900	
19	15.900	
19	15.900	
19	15.900	
19	15.903	
19	15.903	
19	15.903	
19	15.920	
19	15.921	
19	15.921	
19	15.928	
19	15.928	
19	15.928	
19	15.930	
19	15.930	
19	15.930	
19	15.930	
19	15.931	
19	15.931	
19	15.931	
19	15.931	
19	15.937	
19	15.937	
19	15.940	
19	15.940	
19	15.940	
19	15.940	
19	15.940	
19	15.941	
19	15.941	
19	15.941	
19	15.941	
19	15.942	
19	15.942	
19	15.942	
19	15.942	
19	15.943	
19	15.943	
19	15.943	
19	15.944	
19	15.944	
19	15.945	
19	15.946	
19	15.949	
19	15.949	
19	15.950	
19	15.951	
19	15.951	
19	15.959	
19	15.959	
19	15.959	
19	15.961	
19	15.970	
19	15.972	
19	15.989	
19	16.011	
19	16.096	
19	16.096	
19	16.097	
19	16.114	
19	16.114	
19	16.131	
19	16.131	
19	16.131	
19	16.133	
19	16.133	
19	16.133	
19	16.133	
19	16.133	
19	16.133	
19	16.133	
19	16.133	
19	16.133	
19	16.133	
19	16.134	
19	16.206	
19	16.206	
19	16.206	
19	16.207	
19	16.225	
19	16.225	
19	16.225	
19	16.225	
19	16.225	
19	16.243	
19	16.263	
19	16.263	
19	16.285	
19	16.386	
19	16.386	
19	16.538	
19	16.538	
19	16.539	
19	16.587	
19	16.666	
19	16.713	
19	16.898	
19	16.959	
19	16.959	
19	17.015	
19	17.032	
19	17.041	
19	17.041	
19	17.041	
19	17.098	
19	17.098	
19	17.098	
19	17.098	
19	17.101	
19	17.101	
19	17.101	
19	17.104	
19	17.113	
19	17.113	
19	17.113	
19	17.118	
19	17.119	
19	17.119	
19	17.119	
19	17.120	
19	17.120	
19	17.120	
19	17.120	
19	17.120	
19	17.120	
19	17.122	
19	17.122	
19	17.123	
19	17.123	
19	17.123	
19	17.123	
19	17.123	
19	17.141	
19	17.155	
19	17.155	
19	17.155	
19	17.155	
19	17.166	
19	17.187	
19	17.187	
19	17.187	
19	17.187	
19	17.187	
19	17.191	
19	17.197	
19	17.211	
19	17.211	
19	17.211	
19	17.232	
19	17.238	
19	17.256	
19	17.256	
19	17.256	
19	17.256	
19	17.256	
19	17.256	
19	17.256	
19	17.287	
19	17.287	
19	17.287	
19	17.295	
19	17.295	
19	17.295	
19	17.297	
19	17.306	
19	17.306	
19	17.309	
19	17.312	
19	17.314	
19	17.317	
19	17.317	
19	17.319	
19	17.319	
19	17.319	
19	17.319	
19	17.319	
19	17.319	
19	17.319	
19	17.319	
19	17.324	
19	17.329	
19	17.330	
19	17.335	
19	17.335	
19	17.335	
19	17.335	
19	17.336	
19	17.341	
19	17.341	
19	17.341	
19	17.341	
19	17.343	
19	17.343	
19	17.349	
19	17.349	
19	17.349	
19	17.349	
19	17.355	
19	17.357	
19	17.357	
19	17.357	
19	17.357	
19	17.364	
19	17.364	
19	17.364	
19	17.401	
19	17.401	
19	17.401	
19	17.404	
19	17.406	
19	17.421	
19	17.430	
19	17.436	
19	17.436	
19	17.442	
19	17.445	
19	17.445	
19	17.450	
19	17.450	
19	17.450	
19	17.451	
19	17.451	
19	17.453	
19	17.453	
19	17.453	
19	17.455	
19	17.455	
19	17.455	
19	17.459	
19	17.459	
19	17.460	
19	17.467	
19	17.468	
19	17.468	
19	17.468	
19	17.468	
19	17.469	
19	17.469	
19	17.469	
19	17.469	
19	17.469	
19	17.471	
19	17.471	
19	17.473	
19	17.473	
19	17.474	
19	17.482	
19	17.482	
19	17.492	
19	17.499	
19	17.499	
19	17.502	
19	17.508	
19	17.508	
19	17.508	
19	17.508	
19	17.508	
19	17.508	
19	17.508	
19	17.512	
19	17.512	
19	17.512	
19	17.512	
19	17.512	
19	17.512	
19	17.514	
19	17.514	
19	17.514	
19	17.521	
19	17.521	
19	17.521	
19	17.521	
19	17.522	
19	17.522	
19	17.528	
19	17.530	
19	17.530	
19	17.530	
19	17.530	
19	17.530	
19	17.545	
19	17.545	
19	17.549	
19	17.549	
19	17.558	
19	17.558	
19	17.558	
19	17.587	
19	17.588	
19	17.588	
19	17.589	
19	17.591	
19	17.592	
19	17.612	
19	17.612	
19	17.612	
19	17.612	
19	17.619	
19	17.623	
19	17.623	
19	17.624	
19	17.624	
19	17.631	
19	17.664	
19	17.664	
19	17.664	
19	17.665	
19	17.665	
19	17.665	
19	17.665	
19	17.666	
19	17.674	
19	17.680	
19	17.680	
19	17.681	
19	17.682	
19	17.682	
19	17.684	
19	17.694	
19	17.700	
19	17.701	
19	17.701	
19	17.701	
19	17.701	
19	17.701	
19	17.717	
19	17.717	
19	17.717	
19	17.717	
19	17.720	
19	17.720	
19	17.720	
19	17.721	
19	17.723	
19	17.726	
19	17.726	
19	17.726	
19	17.733	
19	17.733	
19	17.733	
19	17.740	
19	17.743	
19	17.743	
19	17.746	
19	17.750	
19	17.756	
19	17.756	
19	17.756	
19	17.756	
19	17.756	
19	17.763	
19	17.768	
19	17.769	
19	17.774	
19	17.783	
19	17.783	
19	17.786	
19	17.786	
19	17.786	
19	17.786	
19	17.786	
19	17.823	
19	17.823	
19	17.854	
19	17.868	
19	17.870	
19	17.870	
19	17.871	
19	17.878	
19	17.883	
19	17.883	
19	17.886	
19	17.887	
19	17.887	
19	17.887	
19	17.902	
19	17.902	
19	17.906	
19	17.906	
19	17.906	
19	17.907	
19	17.909	
19	17.914	
19	17.917	
19	17.928	
19	17.929	
19	17.929	
19	17.929	
19	17.931	
19	17.933	
19	17.933	
19	17.933	
19	17.933	
19	17.934	
19	17.934	
19	17.934	
19	17.939	
19	17.957	
19	17.963	
19	17.964	
19	17.967	
19	17.968	
19	17.971	
19	17.971	
19	17.972	
19	17.979	
19	17.999	
19	18.004	
19	18.013	
19	18.013	
19	18.014	
19	18.014	
19	18.014	
19	18.016	
19	18.016	
19	18.021	
19	18.022	
19	18.048	
19	18.080	
19	18.129	
19	18.130	
19	18.130	
19	18.152	
19	18.153	
19	18.160	
19	18.164	
19	18.165	
19	18.171	
19	18.178	
19	18.178	
19	18.178	
19	18.178	
19	18.178	
19	18.178	
19	18.187	
19	18.197	
19	18.197	
19	18.197	
19	18.200	
19	18.211	
19	18.211	
19	18.215	
19	18.215	
19	18.232	
19	18.232	
19	18.232	
19	18.233	
19	18.233	
19	18.233	
19	18.233	
19	18.233	
19	18.233	
19	18.244	
19	18.244	
19	18.244	
19	18.245	
19	18.256	
19	18.258	
19	18.258	
19	18.265	
19	18.284	
19	18.285	
19	18.287	
19	18.288	
19	18.288	
19	18.288	
19	18.288	
19	18.288	
19	18.292	
19	18.292	
19	18.292	
19	18.312	
19	18.313	
19	18.313	
19	18.313	
19	18.313	
19	18.313	
19	18.313	
19	18.313	
19	18.316	
19	18.316	
19	18.323	
19	18.323	
19	18.323	
19	18.323	
19	18.323	
19	18.324	
19	18.325	
19	18.325	
19	18.328	
19	18.334	
19	18.336	
19	18.336	
19	18.336	
19	18.336	
19	18.342	
19	18.343	
19	18.343	
19	18.343	
19	18.344	
19	18.344	
19	18.347	
19	18.348	
19	18.353	
19	18.368	
19	18.368	
19	18.368	
19	18.368	
19	18.368	
19	18.368	
19	18.368	
19	18.387	
19	18.392	
19	18.392	
19	18.392	
19	18.392	
19	18.392	
19	18.393	
19	18.393	
19	18.393	
19	18.393	
19	18.393	
19	18.393	
19	18.394	
19	18.394	
19	18.394	
19	18.394	
19	18.394	
19	18.394	
19	18.394	
19	18.394	
19	18.395	
19	18.396	
19	18.396	
19	18.398	
19	18.398	
19	18.398	
19	18.398	
19	18.398	
19	18.399	
19	18.399	
19	18.399	
19	18.400	
19	18.400	
19	18.400	
19	18.400	
19	18.400	
19	18.400	
19	18.400	
19	18.400	
19	18.400	
19	18.400	
19	18.400	
19	18.400	
19	18.400	
19	18.401	
19	18.401	
19	18.401	
19	18.402	
19	18.403	
19	18.404	
19	18.404	
19	18.404	
19	18.404	
19	18.407	
19	18.407	
19	18.407	
19	18.408	
19	18.408	
19	18.408	
19	18.408	
19	18.408	
19	18.408	
19	18.408	
19	18.408	
19	18.408	
19	18.408	
19	18.408	
19	18.409	
19	18.409	
19	18.409	
19	18.409	
19	18.410	
19	18.410	
19	18.410	
19	18.411	
19	18.411	
19	18.411	
19	18.411	
19	18.413	
19	18.413	
19	18.413	
19	18.413	
19	18.413	
19	18.413	
19	18.413	
19	18.413	
19	18.414	
19	18.414	
19	18.414	
19	18.415	
19	18.415	
19	18.417	
19	18.418	
19	18.418	
19	18.419	
19	18.421	
19	18.421	
19	18.421	
19	18.422	
19	18.422	
19	18.422	
19	18.422	
19	18.422	
19	18.423	
19	18.423	
19	18.423	
19	18.423	
19	18.423	
19	18.423	
19	18.425	
19	18.425	
19	18.425	
19	18.426	
19	18.426	
19	18.428	
19	18.428	
19	18.428	
19	18.430	
19	18.432	
19	18.434	
19	18.435	
19	18.435	
19	18.435	
19	18.435	
19	18.435	
19	18.437	
19	18.437	
19	18.437	
19	18.437	
19	18.437	
19	18.438	
19	18.438	
19	18.438	
19	18.438	
19	18.439	
19	18.439	
19	18.439	
19	18.440	
19	18.440	
19	18.440	
19	18.440	
19	18.440	
19	18.440	
19	18.440	
19	18.442	
19	18.442	
19	18.442	
19	18.443	
19	18.443	
19	18.443	
19	18.443	
19	18.444	
19	18.444	
19	18.445	
19	18.446	
19	18.446	
19	18.446	
19	18.446	
19	18.447	
19	18.447	
19	18.447	
19	18.448	
19	18.448	
19	18.450	
19	18.463	
19	18.463	
19	18.464	
19	18.464	
19	18.465	
19	18.465	
19	18.465	
19	18.467	
19	18.467	
19	18.484	
19	18.486	
19	18.486	
19	18.488	
19	18.488	
19	18.496	
19	18.505	
19	18.505	
19	18.543	
19	18.575	
19	18.575	
19	18.575	
19	18.575	
19	18.578	
19	18.578	
19	18.579	
19	18.579	
19	18.580	
19	18.580	
19	18.581	
19	18.581	
19	18.583	
19	18.588	
19	18.588	
19	18.604	
19	18.607	
19	18.607	
19	18.607	
19	18.645	
19	18.673	
19	18.673	
19	18.673	
19	18.673	
19	18.695	
19	18.695	
19	18.703	
19	18.704	
19	18.704	
19	18.704	
19	18.704	
19	18.714	
19	18.715	
19	18.715	
19	18.720	
19	18.728	
19	18.742	
19	18.743	
19	18.743	
19	18.744	
19	18.746	
19	18.754	
19	18.755	
19	18.758	
19	18.766	
19	18.768	
19	18.781	
19	18.781	
19	18.786	
19	18.787	
19	18.787	
19	18.787	
19	18.788	
19	18.788	
19	18.791	
19	18.791	
19	18.796	
19	18.799	
19	18.801	
19	18.801	
19	18.801	
19	18.807	
19	18.810	
19	18.842	
19	18.893	
19	18.905	
19	18.906	
19	18.906	
19	18.906	
19	18.906	
19	18.991	
19	19.013	
19	19.017	
19	19.029	
19	19.029	
19	19.052	
19	19.054	
19	19.088	
19	19.090	
19	19.091	
19	19.092	
19	19.101	
19	19.132	
19	19.132	
19	19.138	
19	19.141	
19	19.143	
19	19.144	
19	19.147	
19	19.167	
19	19.167	
19	19.167	
19	19.330	
19	19.348	
19	19.367	
19	19.368	
19	19.368	
19	19.369	
19	19.375	
19	19.376	
19	19.376	
19	19.384	
19	19.384	
19	19.384	
19	19.385	
19	19.387	
19	19.390	
19	19.391	
19	19.395	
19	19.396	
19	19.396	
19	19.396	
19	19.407	
19	19.407	
19	19.409	
19	19.411	
19	19.413	
19	19.413	
19	19.413	
19	19.432	
19	19.432	
19	19.432	
19	19.432	
19	19.433	
19	19.433	
19	19.433	
19	19.436	
19	19.436	
19	19.438	
19	19.438	
19	19.438	
19	19.438	
19	19.438	
19	19.438	
19	19.439	
19	19.439	
19	19.439	
19	19.451	
19	19.451	
19	19.451	
19	19.456	
19	19.457	
19	19.457	
19	19.457	
19	19.457	
19	19.457	
19	19.457	
19	19.457	
19	19.457	
19	19.457	
19	19.458	
19	19.458	
19	19.474	
19	19.482	
19	19.482	
19	19.484	
19	19.486	
19	19.486	
19	19.487	
19	19.490	
19	19.491	
19	19.491	
19	19.491	
19	19.500	
19	19.502	
19	19.508	
19	19.510	
19	19.524	
19	19.551	
19	19.567	
19	19.567	
19	19.569	
19	19.569	
19	19.573	
19	19.575	
19	19.575	
19	19.575	
19	19.575	
19	19.592	
19	19.592	
19	19.593	
19	19.593	
19	19.593	
19	19.593	
19	19.594	
19	19.594	
19	19.594	
19	19.594	
19	19.594	
19	19.594	
19	19.594	
19	19.595	
19	19.597	
19	19.597	
19	19.597	
19	19.597	
19	19.597	
19	19.607	
19	19.608	
19	19.612	
19	19.612	
19	19.620	
19	19.620	
19	19.620	
19	19.626	
19	19.626	
19	19.631	
19	19.635	
19	19.639	
19	19.640	
19	19.640	
19	19.663	
19	19.666	
19	19.675	
19	19.678	
19	19.706	
19	19.715	
19	19.716	
19	19.718	
19	19.725	
19	19.729	
19	19.730	
19	19.828	
19	19.828	
19	19.829	
19	19.830	
19	19.832	
19	19.835	
19	19.835	
19	19.835	
19	19.835	
19	19.835	
19	19.836	
19	19.836	
19	19.836	
19	19.836	
19	19.836	
19	19.836	
19	19.836	
19	19.836	
19	19.836	
19	19.836	
19	19.836	
19	19.837	
19	19.837	
19	19.839	
19	19.839	
19	19.844	
19	19.844	
19	19.845	
19	19.846	
19	19.848	
19	19.848	
19	19.849	
19	19.852	
19	19.855	
19	19.855	
19	19.856	
19	19.856	
19	19.856	
19	19.856	
19	19.856	
19	19.856	
19	19.859	
19	19.861	
19	19.861	
19	19.861	
19	19.862	
19	19.864	
19	19.864	
19	19.867	
19	19.874	
19	19.874	
19	19.874	
19	19.875	
19	19.878	
19	19.878	
19	19.892	
19	19.928	
19	19.928	
19	19.929	
19	19.929	
19	19.930	
19	19.930	
19	19.930	
19	19.942	
19	19.965	
19	19.981	
19	19.981	
19	19.981	
19	20.022	
19	20.022	
19	20.026	
19	20.026	
19	20.027	
19	20.041	
19	20.066	
19	20.100	
19	20.100	
19	20.111	
19	20.111	
19	20.111	
19	20.125	
19	20.125	
19	20.125	
19	20.144	
19	20.158	
19	20.158	
19	20.161	
19	20.161	
19	20.161	
19	20.161	
19	20.161	
19	20.162	
19	20.162	
19	20.162	
19	20.170	
19	20.170	
19	20.171	
19	20.210	
19	20.210	
19	20.237	
19	20.237	
19	20.237	
19	20.272	
19	20.291	
19	20.307	
19	20.308	
19	20.326	
19	20.327	
19	20.333	
19	20.333	
19	20.341	
19	20.341	
19	20.341	
19	20.341	
19	20.341	
19	20.341	
19	20.341	
19	20.341	
19	20.341	
19	20.341	
19	20.341	
19	20.341	
19	20.346	
19	20.346	
19	20.346	
19	20.346	
19	20.346	
19	20.347	
19	20.347	
19	20.361	
19	20.361	
19	20.361	
19	20.361	
19	20.361	
19	20.362	
19	20.362	
19	20.367	
19	20.367	
19	20.367	
19	20.367	
19	20.367	
19	20.367	
19	20.367	
19	20.372	
19	20.373	
19	20.375	
19	20.375	
19	20.375	
19	20.375	
19	20.375	
19	20.375	
19	20.375	
19	20.375	
19	20.377	
19	20.377	
19	20.377	
19	20.377	
19	20.381	
19	20.384	
19	20.384	
19	20.384	
19	20.384	
19	20.385	
19	20.385	
19	20.385	
19	20.388	
19	20.388	
19	20.388	
19	20.388	
19	20.396	
19	20.396	
19	20.396	
19	20.396	
19	20.396	
19	20.397	
19	20.399	
19	20.399	
19	20.399	
19	20.400	
19	20.400	
19	20.400	
19	20.400	
19	20.400	
19	20.403	
19	20.403	
19	20.403	
19	20.403	
19	20.403	
19	20.405	
19	20.405	
19	20.405	
19	20.405	
19	20.405	
19	20.405	
19	20.406	
19	20.406	
19	20.406	
19	20.406	
19	20.406	
19	20.406	
19	20.407	
19	20.407	
19	20.407	
19	20.411	
19	20.419	
19	20.423	
19	20.427	
19	20.428	
19	20.428	
19	20.428	
19	20.432	
19	20.433	
19	20.433	
19	20.433	
19	20.433	
19	20.436	
19	20.436	
19	20.439	
19	20.440	
19	20.441	
19	20.441	
19	20.441	
19	20.441	
19	20.442	
19	20.442	
19	20.455	
19	20.464	
19	20.466	
19	20.466	
19	20.466	
19	20.466	
19	20.467	
19	20.467	
19	20.467	
19	20.467	
19	20.469	
19	20.470	
19	20.472	
19	20.487	
19	20.489	
19	20.491	
19	20.491	
19	20.491	
19	20.491	
19	20.509	
19	20.510	
19	20.510	
19	20.510	
19	20.513	
19	20.513	
19	20.513	
19	20.513	
19	20.513	
19	20.514	
19	20.515	
19	20.515	
19	20.515	
19	20.515	
19	20.515	
19	20.516	
19	20.516	
19	20.516	
19	20.516	
19	20.516	
19	20.516	
19	20.516	
19	20.519	
19	20.519	
19	20.520	
19	20.522	
19	20.522	
19	20.523	
19	20.523	
19	20.524	
19	20.524	
19	20.524	
19	20.525	
19	20.526	
19	20.531	
19	20.531	
19	20.531	
19	20.533	
19	20.533	
19	20.533	
19	20.533	
19	20.534	
19	20.534	
19	20.534	
19	20.534	
19	20.534	
19	20.563	
19	20.563	
19	20.610	
19	20.619	
19	20.632	
19	20.647	
19	20.647	
19	20.694	
19	20.694	
19	20.702	
19	20.702	
19	20.764	
19	20.775	
19	20.775	
19	20.783	
19	20.783	
19	20.783	
19	20.787	
19	20.884	
19	20.884	
19	20.884	
19	20.884	
19	20.884	
19	20.885	
19	20.903	
19	20.925	
19	20.927	
19	20.931	
19	20.934	
19	20.950	
19	20.951	
19	20.951	
19	20.951	
19	20.957	
19	20.957	
19	20.957	
19	20.957	
19	20.957	
19	20.957	
19	20.959	
19	20.962	
19	20.962	
19	20.962	
19	20.962	
19	20.962	
19	20.964	
19	20.965	
19	20.966	
19	20.967	
19	20.985	
19	20.985	
19	20.985	
19	20.986	
19	20.990	
19	20.990	
19	20.998	
19	20.998	
19	20.999	
19	21.002	
19	21.002	
19	21.002	
19	21.007	
19	21.010	
19	21.010	
19	21.011	
19	21.015	
19	21.015	
19	21.016	
19	21.016	
19	21.016	
19	21.016	
19	21.017	
19	21.017	
19	21.024	
19	21.024	
19	21.037	
19	21.041	
19	21.041	
19	21.041	
19	21.041	
19	21.048	
19	21.048	
19	21.050	
19	21.056	
19	21.056	
19	21.056	
19	21.056	
19	21.064	
19	21.162	
19	21.169	
19	21.173	
19	21.179	
19	21.187	
19	21.187	
19	21.189	
19	21.190	
19	21.190	
19	21.190	
19	21.190	
19	21.190	
19	21.196	
19	21.203	
19	21.203	
19	21.205	
19	21.218	
19	21.218	
19	21.230	
19	21.286	
19	21.287	
19	21.307	
19	21.315	
19	21.442	
19	21.442	
19	21.442	
19	21.443	
19	21.443	
19	21.451	
19	21.466	
19	21.466	
19	21.467	
19	21.469	
19	21.472	
19	21.472	
19	21.474	
19	21.474	
19	21.474	
19	21.477	
19	21.477	
19	21.504	
19	21.504	
19	21.504	
19	21.512	
19	21.521	
19	21.521	
19	21.521	
19	21.530	
19	21.530	
19	21.530	
19	21.569	
19	21.569	
19	21.569	
19	21.572	
19	21.597	
19	21.660	
19	21.660	
19	21.667	
19	21.667	
19	21.671	
19	21.679	
19	21.679	
19	21.679	
19	21.726	
19	21.726	
19	21.728	
19	21.728	
19	21.728	
19	21.729	
19	21.734	
19	21.734	
19	21.734	
19	21.734	
19	21.734	
19	21.767	
19	21.772	
19	21.806	
19	21.849	
19	21.849	
19	21.849	
19	21.849	
19	21.865	
19	21.869	
19	21.875	
19	21.882	
19	21.882	
19	21.883	
19	22.044	
19	22.051	
19	22.055	
19	22.055	
19	22.061	
19	22.085	
19	22.094	
19	22.108	
19	22.112	
19	22.115	
19	22.121	
19	22.122	
19	22.138	
19	22.153	
19	22.153	
19	22.153	
19	22.154	
19	22.154	
19	22.154	
19	22.154	
19	22.154	
19	22.208	
19	22.208	
19	22.232	
19	22.232	
19	22.232	
19	22.232	
19	22.232	
19	22.232	
19	22.232	
19	22.233	
19	22.234	
19	22.234	
19	22.234	
19	22.234	
19	22.237	
19	22.237	
19	22.245	
19	22.246	
19	22.251	
19	22.251	
19	22.323	
19	22.323	
19	22.540	
19	22.566	
19	22.566	
19	22.571	
19	23.065	
19	23.066	
19	23.066	
19	23.071	
19	23.077	
19	23.077	
19	23.086	
19	23.087	
19	23.087	
19	23.111	
19	23.113	
19	23.113	
19	23.118	
19	23.123	
19	23.126	
19	23.126	
19	23.126	
19	23.130	
19	23.163	
19	23.163	
19	23.164	
19	23.164	
19	23.166	
19	23.167	
19	23.167	
19	23.171	
19	23.171	
19	23.180	
19	23.183	
19	23.225	
19	23.225	
19	23.237	
19	23.242	
19	23.245	
19	23.248	
19	23.248	
19	23.248	
19	23.251	
19	23.251	
19	23.251	
19	23.267	
19	23.343	
19	23.346	
19	23.346	
19	23.358	
19	23.358	
19	23.361	
19	23.363	
19	23.363	
19	23.365	
19	23.365	
19	23.365	
19	23.365	
19	23.373	
19	23.373	
19	23.373	
19	23.373	
19	23.390	
19	23.396	
19	23.399	
19	23.399	
19	23.399	
19	23.400	
19	23.400	
19	23.400	
19	23.400	
19	23.428	
19	23.441	
19	23.444	
19	23.444	
19	23.447	
19	23.447	
19	23.447	
19	23.447	
19	23.448	
19	23.448	
19	23.448	
19	23.451	
19	23.451	
19	23.457	
19	23.457	
19	23.457	
19	23.457	
19	23.457	
19	23.457	
19	23.457	
19	23.464	
19	23.465	
19	23.465	
19	23.465	
19	23.465	
19	23.466	
19	23.466	
19	23.466	
19	23.627	
19	23.633	
19	23.633	
19	23.633	
19	23.661	
19	23.672	
19	23.680	
19	23.689	
19	23.708	
19	23.708	
19	23.710	
19	23.713	
19	23.713	
19	23.725	
19	23.727	
19	23.727	
19	23.739	
19	23.752	
19	23.752	
19	23.752	
19	23.752	
19	23.752	
19	23.752	
19	23.752	
19	23.752	
19	23.760	
19	23.760	
19	23.760	
19	23.763	
19	23.764	
19	23.770	
19	23.790	
19	23.792	
19	23.814	
19	23.819	
19	23.837	
19	23.852	
19	23.855	
19	23.855	
19	23.855	
19	23.856	
19	23.860	
19	23.860	
19	23.872	
19	23.877	
19	23.880	
19	23.918	
19	23.918	
19	23.921	
19	23.961	
19	23.968	
19	24.008	
19	24.609	
19	24.627	
19	24.628	
19	24.630	
19	24.631	
19	24.631	
19	24.635	
19	24.635	
19	24.636	
19	24.636	
19	24.636	
19	24.637	
19	24.637	
19	24.637	
19	24.637	
19	24.644	
19	24.644	
19	24.644	
19	24.666	
19	24.667	
19	24.667	
19	24.667	
19	24.691	
19	24.722	
19	24.757	
19	24.791	
19	24.838	
19	24.838	
19	24.838	
19	24.838	
19	24.838	
19	24.838	
19	24.841	
19	24.845	
19	24.857	
19	24.857	
19	24.857	
19	24.863	
19	24.863	
19	24.864	
19	24.867	
19	24.868	
19	24.878	
19	24.884	
19	24.885	
19	24.888	
19	24.888	
19	24.888	
19	24.888	
19	24.892	
19	24.922	
19	24.932	
19	24.932	
19	24.932	
19	24.954	
19	24.954	
19	24.954	
19	24.954	
19	24.954	
19	24.954	
19	24.954	
19	24.960	
19	24.960	
19	24.966	
19	24.966	
19	24.966	
19	24.966	
19	24.968	
19	24.970	
19	24.970	
19	24.970	
19	24.981	
19	24.982	
19	24.994	
19	25.011	
19	25.017	
19	25.018	
19	25.019	
19	25.019	
19	25.019	
19	25.021	
19	25.024	
19	25.027	
19	25.027	
19	25.029	
19	25.036	
19	25.052	
19	25.060	
19	25.109	
19	25.187	
19	25.199	
19	25.199	
19	25.212	
19	25.212	
19	25.214	
19	25.214	
19	25.214	
19	25.214	
19	25.216	
19	25.216	
19	25.216	
19	25.216	
19	25.216	
19	25.220	
19	25.220	
19	25.220	
19	25.224	
19	26.626	
19	26.626	
19	26.697	
19	26.697	
19	26.706	
19	26.739	
19	26.794	
19	26.794	
19	26.798	
19	26.798	
19	26.798	
19	26.818	
19	26.818	
19	26.848	
19	26.859	
19	26.866	
19	26.920	
19	26.920	
19	26.920	
19	26.926	
19	26.943	
19	26.995	
19	27.001	
19	27.006	
19	27.027	
19	27.029	
19	27.037	
19	27.037	
19	27.039	
19	27.046	
19	27.054	
19	27.054	
19	27.054	
19	27.055	
19	27.055	
19	27.055	
19	27.055	
19	27.056	
19	27.056	
19	27.056	
19	27.056	
19	27.056	
19	27.056	
19	27.057	
19	27.057	
19	27.059	
19	27.062	
19	27.062	
19	27.062	
19	27.062	
19	27.063	
19	27.063	
19	27.084	
19	27.098	
19	27.098	
19	27.785	
19	27.788	
19	28.159	
19	28.204	
19	28.251	
19	28.251	
19	28.252	
19	28.349	
19	28.361	
19	28.455	
19	28.574	
19	28.576	
19	28.576	
19	28.723	
19	28.933	
19	28.955	
19	28.956	
19	29.031	
19	29.036	
19	29.057	
19	29.057	
19	29.059	
19	29.059	
19	29.073	
19	29.074	
19	29.086	
19	29.086	
19	29.089	
19	29.092	
19	29.098	
19	29.100	
19	29.105	
19	29.119	
19	29.120	
19	29.124	
19	29.150	
19	29.156	
19	29.156	
19	29.156	
19	29.156	
19	29.156	
19	29.156	
19	29.444	
19	29.444	
19	29.448	
19	29.448	
19	29.451	
19	29.451	
19	29.451	
19	29.451	
19	29.471	
19	29.484	
19	29.484	
19	29.486	
19	29.486	
19	29.495	
19	29.512	
19	29.525	
19	29.525	
19	29.526	
19	29.553	
19	29.554	
19	29.554	
19	29.555	
19	29.556	
19	29.556	
19	29.557	
19	29.587	
19	29.587	
19	29.595	
19	29.602	
19	29.604	
19	29.609	
19	29.609	
19	29.610	
19	29.610	
19	29.611	
19	29.611	
19	29.613	
19	29.614	
19	29.630	
19	29.630	
19	29.642	
19	29.645	
19	29.645	
19	29.646	
19	29.647	
19	29.647	
19	29.648	
19	29.651	
19	29.651	
19	29.651	
19	29.651	
19	29.651	
19	29.651	
19	29.651	
19	29.651	
19	29.663	
19	29.663	
19	29.663	
19	29.664	
19	29.664	
19	29.664	
19	29.666	
19	29.666	
19	29.666	
19	29.666	
19	29.668	
19	29.670	
19	29.670	
19	29.670	
19	29.671	
19	29.671	
19	29.671	
19	29.671	
19	29.671	
19	29.671	
19	29.673	
19	29.673	
19	29.673	
19	29.674	
19	29.674	
19	29.674	
19	29.676	
19	29.676	
19	29.679	
19	29.679	
19	29.679	
19	29.685	
19	29.686	
19	29.687	
19	29.687	
19	29.688	
19	29.708	
19	29.708	
19	29.708	
19	29.713	
19	29.713	
19	29.713	
19	29.713	
19	29.716	
19	29.716	
19	29.716	
19	29.716	
19	29.721	
19	29.723	
19	29.725	
19	29.726	
19	29.726	
19	29.726	
19	29.730	
19	29.733	
19	29.733	
19	29.733	
19	29.734	
19	29.734	
19	29.737	
19	29.738	
19	29.738	
19	29.738	
19	29.758	
19	29.758	
19	29.758	
19	29.758	
19	29.758	
19	29.758	
19	29.760	
19	29.777	
19	29.784	
19	29.787	
19	29.788	
19	29.790	
19	29.790	
19	29.795	
19	29.797	
19	29.798	
19	29.798	
19	29.800	
19	29.807	
19	29.807	
19	29.809	
19	29.843	
19	29.850	
19	29.850	
19	29.850	
19	29.850	
19	29.850	
19	29.850	
19	29.863	
19	29.864	
19	30.012	
19	30.013	
19	30.017	
19	30.038	
19	30.038	
19	30.058	
19	30.070	
19	30.070	
19	30.070	
19	30.077	
19	30.077	
19	30.079	
19	30.119	
19	30.120	
19	30.125	
19	30.132	
19	30.133	
19	30.133	
19	30.138	
19	30.138	
19	30.138	
19	30.175	
19	30.191	
19	30.218	
19	30.218	
19	30.229	
19	30.241	
19	30.245	
19	30.246	
19	30.246	
19	30.249	
19	30.251	
19	30.251	
19	30.251	
19	30.251	
19	30.257	
19	30.257	
19	30.264	
19	30.264	
19	30.268	
19	30.268	
19	30.268	
19	30.268	
19	30.287	
19	30.627	
19	30.628	
19	30.628	
19	30.728	
19	30.818	
19	30.856	
19	30.900	
19	30.900	
19	30.918	
19	30.919	
19	30.919	
19	30.922	
19	30.989	
19	31.000	
19	31.000	
19	31.007	
19	31.007	
19	31.014	
19	31.016	
19	31.017	
19	31.941	
19	31.943	
19	31.946	
19	32.132	
19	32.326	
19	32.326	
19	32.326	
19	32.326	
19	32.326	
19	32.326	
19	32.326	
19	32.329	
19	32.342	
19	32.345	
19	32.456	
19	32.456	
19	32.456	
19	32.456	
19	32.598	
19	32.621	
19	32.638	
19	32.638	
19	32.671	
19	32.690	
19	32.703	
19	32.728	
19	32.728	
19	32.959	
19	32.959	
19	32.963	
19	32.963	
19	32.963	
19	32.964	
19	32.964	
19	32.975	
19	32.975	
19	32.975	
19	32.977	
19	32.977	
19	32.978	
19	33.116	
19	33.116	
19	33.154	
19	33.265	
19	33.265	
19	33.265	
19	33.318	
19	33.445	
19	33.445	
19	33.446	
19	33.553	
19	33.559	
19	33.763	
19	33.763	
19	34.057	
19	34.060	
19	34.066	
19	34.084	
19	34.124	
19	34.246	
19	34.246	
19	34.246	
19	34.247	
19	34.247	
19	34.247	
19	34.248	
19	34.248	
19	34.248	
19	34.249	
19	34.250	
19	34.250	
19	34.250	
19	34.250	
19	34.250	
19	34.250	
19	34.250	
19	34.250	
19	34.250	
19	34.250	
19	34.251	
19	34.252	
19	34.253	
19	34.255	
19	34.256	
19	34.256	
19	34.256	
19	34.256	
19	34.256	
19	34.259	
19	34.260	
19	34.262	
19	34.262	
19	34.262	
19	34.262	
19	34.262	
19	34.262	
19	34.262	
19	34.262	
19	34.271	
19	34.273	
19	34.273	
19	34.289	
19	34.291	
19	34.312	
19	34.313	
19	34.314	
19	34.314	
19	34.316	
19	34.316	
19	34.316	
19	34.320	
19	34.326	
19	34.326	
19	34.329	
19	34.329	
19	34.330	
19	34.330	
19	34.330	
19	34.331	
19	34.331	
19	34.331	
19	34.350	
19	34.350	
19	34.350	
19	34.350	
19	34.351	
19	34.351	
19	34.351	
19	34.351	
19	34.351	
19	34.362	
19	34.363	
19	34.363	
19	34.364	
19	34.400	
19	34.402	
19	34.514	
19	34.642	
19	34.642	
19	34.645	
19	34.647	
19	34.661	
19	34.661	
19	34.661	
19	34.661	
19	34.661	
19	34.683	
19	34.683	
19	34.683	
19	34.699	
19	34.701	
19	34.701	
19	34.753	
19	34.753	
19	34.783	
19	35.005	
19	35.005	
19	35.012	
19	35.051	
19	35.051	
19	35.051	
19	35.051	
19	35.051	
19	35.051	
19	35.053	
19	35.057	
19	35.069	
19	35.109	
19	35.109	
19	35.128	
19	35.143	
19	35.154	
19	35.159	
19	35.160	
19	35.171	
19	35.171	
19	35.184	
19	35.184	
19	35.195	
19	35.195	
19	35.195	
19	35.195	
19	35.195	
19	35.196	
19	35.197	
19	35.197	
19	35.197	
19	35.197	
19	35.200	
19	35.200	
19	35.200	
19	35.201	
19	35.203	
19	35.203	
19	35.203	
19	35.213	
19	35.213	
19	35.213	
19	35.277	
19	35.372	
19	35.372	
19	35.372	
19	35.373	
19	35.392	
19	35.392	
19	35.392	
19	35.398	
19	35.408	
19	35.412	
19	35.412	
19	35.412	
19	35.414	
19	35.420	
19	35.429	
19	35.431	
19	35.431	
19	35.600	
19	35.633	
19	35.633	
19	35.633	
19	35.641	
19	35.643	
19	35.651	
19	35.661	
19	35.674	
19	35.731	
19	35.761	
19	35.874	
19	35.882	
19	35.908	
19	35.908	
19	35.908	
19	35.910	
19	35.917	
19	35.921	
19	35.922	
19	35.937	
19	35.942	
19	35.942	
19	35.942	
19	35.956	
19	35.957	
19	35.970	
19	35.998	
19	36.000	
19	36.038	
19	36.038	
19	36.056	
19	36.056	
19	36.056	
19	36.056	
19	36.056	
19	36.063	
19	36.063	
19	36.063	
19	36.064	
19	36.064	
19	36.064	
19	36.066	
19	36.076	
19	36.078	
19	36.078	
19	36.080	
19	36.081	
19	36.087	
19	36.096	
19	36.101	
19	36.104	
19	36.104	
19	36.172	
19	36.172	
19	36.182	
19	36.185	
19	36.193	
19	36.193	
19	36.193	
19	36.293	
19	36.458	
19	36.460	
19	36.460	
19	36.462	
19	36.464	
19	36.464	
19	36.465	
19	36.465	
19	36.466	
19	36.469	
19	36.474	
19	36.474	
19	36.477	
19	36.492	
19	36.494	
19	36.564	
19	36.570	
19	36.571	
19	36.572	
19	36.572	
19	36.572	
19	36.575	
19	36.575	
19	36.575	
19	36.602	
19	36.613	
19	36.614	
19	36.614	
19	36.614	
19	36.614	
19	36.656	
19	36.659	
19	36.662	
19	36.676	
19	36.684	
19	36.684	
19	36.684	
19	36.684	
19	36.685	
19	36.689	
19	36.690	
19	36.690	
19	36.700	
19	36.700	
19	36.700	
19	36.700	
19	36.700	
19	36.700	
19	36.702	
19	36.702	
19	36.706	
19	36.706	
19	36.709	
19	36.723	
19	36.723	
19	36.758	
19	36.923	
19	37.073	
19	37.119	
19	37.653	
19	37.653	
19	37.670	
19	37.670	
19	37.679	
19	37.779	
19	37.779	
19	37.780	
19	38.018	
19	38.025	
19	38.025	
19	38.025	
19	38.025	
19	38.044	
19	38.046	
19	38.114	
19	38.263	
19	38.263	
19	38.268	
19	38.268	
19	38.303	
19	38.303	
19	38.303	
19	38.314	
19	38.314	
19	38.348	
19	38.348	
19	38.352	
19	38.353	
19	38.354	
19	38.354	
19	38.373	
19	38.582	
19	38.582	
19	38.606	
19	38.761	
19	38.761	
19	38.768	
19	38.781	
19	38.808	
19	38.820	
19	38.832	
19	38.878	
19	38.884	
19	38.886	
19	38.916	
19	38.921	
19	38.930	
19	38.930	
19	38.934	
19	39.070	
19	39.231	
19	39.231	
19	39.231	
19	39.234	
19	39.237	
19	39.237	
19	39.338	
19	39.347	
19	39.369	
19	39.380	
19	39.380	
19	39.380	
19	39.380	
19	39.392	
19	39.406	
19	39.408	
19	39.423	
19	39.473	
19	39.488	
19	39.493	
19	39.496	
19	39.496	
19	39.496	
19	39.503	
19	39.517	
19	39.519	
19	39.519	
19	39.519	
19	39.519	
19	39.520	
19	39.520	
19	39.523	
19	39.523	
19	39.523	
19	39.523	
19	39.527	
19	39.527	
19	39.527	
19	39.530	
19	39.530	
19	39.532	
19	39.532	
19	39.532	
19	39.532	
19	39.532	
19	39.532	
19	39.532	
19	39.532	
19	39.532	
19	39.535	
19	39.535	
19	39.535	
19	39.535	
19	39.535	
19	39.536	
19	39.536	
19	39.536	
19	39.536	
19	39.537	
19	39.538	
19	39.538	
19	39.538	
19	39.538	
19	39.538	
19	39.538	
19	39.538	
19	39.538	
19	39.538	
19	39.538	
19	39.538	
19	39.538	
19	39.539	
19	39.539	
19	39.539	
19	39.542	
19	39.542	
19	39.543	
19	39.543	
19	39.543	
19	39.546	
19	39.548	
19	39.551	
19	39.551	
19	39.551	
19	39.552	
19	39.552	
19	39.552	
19	39.553	
19	39.557	
19	39.557	
19	39.557	
19	39.560	
19	39.560	
19	39.569	
19	39.569	
19	39.569	
19	39.569	
19	39.569	
19	39.571	
19	39.573	
19	39.573	
19	39.573	
19	39.573	
19	39.582	
19	39.582	
19	39.582	
19	39.582	
19	39.582	
19	39.582	
19	39.583	
19	39.584	
19	39.589	
19	39.590	
19	39.599	
19	39.599	
19	39.602	
19	39.606	
19	39.609	
19	39.610	
19	39.610	
19	39.610	
19	39.610	
19	39.610	
19	39.611	
19	39.612	
19	39.638	
19	39.641	
19	39.644	
19	39.646	
19	39.647	
19	39.647	
19	39.648	
19	39.650	
19	39.651	
19	39.651	
19	39.659	
19	39.661	
19	39.666	
19	39.674	
19	39.674	
19	39.678	
19	39.686	
19	39.686	
19	39.688	
19	39.696	
19	39.698	
19	39.698	
19	39.770	
19	39.958	
19	39.959	
19	40.017	
19	40.018	
19	40.018	
19	40.022	
19	40.025	
19	40.025	
19	40.025	
19	40.026	
19	40.026	
19	40.027	
19	40.033	
19	40.034	
19	40.034	
19	40.034	
19	40.034	
19	40.034	
19	40.103	
19	40.158	
19	40.158	
19	40.158	
19	40.168	
19	40.195	
19	40.195	
19	40.198	
19	40.226	
19	40.235	
19	40.235	
19	40.252	
19	40.269	
19	40.279	
19	40.294	
19	40.294	
19	40.294	
19	40.353	
19	40.353	
19	40.405	
19	40.663	
19	40.664	
19	40.664	
19	40.668	
19	40.674	
19	40.678	
19	40.679	
19	40.679	
19	40.679	
19	40.679	
19	40.680	
19	40.691	
19	40.696	
19	40.696	
19	40.696	
19	40.696	
19	40.696	
19	40.702	
19	40.703	
19	40.703	
19	40.703	
19	40.703	
19	40.722	
19	40.722	
19	40.723	
19	40.723	
19	40.723	
19	40.723	
19	40.724	
19	40.730	
19	40.730	
19	40.730	
19	40.730	
19	40.730	
19	40.730	
19	40.741	
19	40.741	
19	40.742	
19	40.755	
19	40.755	
19	40.756	
19	40.756	
19	40.756	
19	40.756	
19	40.757	
19	40.758	
19	40.758	
19	40.759	
19	40.760	
19	40.760	
19	40.760	
19	40.760	
19	40.760	
19	40.763	
19	40.764	
19	40.764	
19	40.764	
19	40.764	
19	40.767	
19	40.773	
19	40.854	
19	40.889	
19	40.908	
19	40.908	
19	40.908	
19	40.963	
19	40.963	
19	40.975	
19	40.975	
19	40.975	
19	40.975	
19	40.985	
19	40.985	
19	40.986	
19	40.986	
19	41.117	
19	41.172	
19	41.173	
19	41.231	
19	41.231	
19	41.232	
19	41.232	
19	41.232	
19	41.232	
19	41.233	
19	41.245	
19	41.247	
19	41.247	
19	41.247	
19	41.247	
19	41.247	
19	41.247	
19	41.270	
19	41.283	
19	41.287	
19	41.325	
19	41.325	
19	41.333	
19	41.336	
19	41.337	
19	41.339	
19	41.339	
19	41.339	
19	41.341	
19	41.341	
19	41.341	
19	41.360	
19	41.360	
19	41.360	
19	41.360	
19	41.362	
19	41.363	
19	41.363	
19	41.370	
19	41.371	
19	41.373	
19	41.388	
19	41.390	
19	41.392	
19	41.395	
19	41.413	
19	41.414	
19	41.414	
19	41.416	
19	41.423	
19	41.423	
19	41.424	
19	41.424	
19	41.426	
19	41.472	
19	41.475	
19	41.477	
19	41.478	
19	41.487	
19	41.488	
19	41.488	
19	41.488	
19	41.488	
19	41.488	
19	41.489	
19	41.489	
19	41.489	
19	41.489	
19	41.504	
19	41.505	
19	41.505	
19	41.525	
19	41.525	
19	41.527	
19	41.527	
19	41.527	
19	41.528	
19	41.628	
19	41.628	
19	41.644	
19	41.658	
19	41.661	
19	41.661	
19	41.661	
19	41.676	
19	41.676	
19	41.676	
19	41.679	
19	41.679	
19	41.679	
19	41.679	
19	41.679	
19	41.692	
19	41.692	
19	41.696	
19	41.704	
19	41.705	
19	41.716	
19	41.834	
19	41.855	
19	41.855	
19	41.855	
19	41.855	
19	41.856	
19	41.856	
19	41.856	
19	41.856	
19	41.856	
19	41.863	
19	41.870	
19	41.871	
19	41.871	
19	41.875	
19	41.875	
19	41.882	
19	41.882	
19	41.882	
19	41.884	
19	41.929	
19	41.934	
19	41.953	
19	41.953	
19	41.961	
19	41.981	
19	41.981	
19	41.996	
19	42.001	
19	42.001	
19	42.001	
19	42.135	
19	42.135	
19	42.160	
19	42.184	
19	42.184	
19	42.205	
19	42.205	
19	42.206	
19	42.206	
19	42.206	
19	42.221	
19	42.221	
19	42.221	
19	42.222	
19	42.222	
19	42.222	
19	42.224	
19	42.224	
19	42.224	
19	42.224	
19	42.224	
19	42.225	
19	42.240	
19	42.258	
19	42.258	
19	42.273	
19	42.295	
19	42.295	
19	42.297	
19	42.297	
19	42.297	
19	42.297	
19	42.298	
19	42.298	
19	42.298	
19	42.301	
19	42.301	
19	42.322	
19	42.326	
19	42.327	
19	42.327	
19	42.327	
19	42.327	
19	42.328	
19	42.331	
19	42.331	
19	42.331	
19	42.331	
19	42.331	
19	42.335	
19	42.335	
19	42.335	
19	42.344	
19	42.345	
19	42.357	
19	42.357	
19	42.360	
19	42.360	
19	42.360	
19	42.360	
19	42.362	
19	42.362	
19	42.363	
19	42.363	
19	42.363	
19	42.363	
19	42.364	
19	42.364	
19	42.364	
19	42.365	
19	42.366	
19	42.366	
19	42.366	
19	42.379	
19	42.380	
19	42.385	
19	42.387	
19	42.398	
19	42.398	
19	42.399	
19	42.401	
19	42.403	
19	42.403	
19	42.414	
19	42.414	
19	42.414	
19	42.426	
19	42.431	
19	42.441	
19	42.441	
19	42.441	
19	42.444	
19	42.444	
19	42.444	
19	42.445	
19	42.445	
19	42.445	
19	42.445	
19	42.446	
19	42.446	
19	42.446	
19	42.446	
19	42.452	
19	42.452	
19	42.452	
19	42.452	
19	42.452	
19	42.452	
19	42.476	
19	42.483	
19	42.483	
19	42.483	
19	42.490	
19	42.492	
19	42.499	
19	42.499	
19	42.501	
19	42.507	
19	42.508	
19	42.534	
19	42.534	
19	42.537	
19	42.540	
19	42.540	
19	42.544	
19	42.544	
19	42.550	
19	42.553	
19	42.553	
19	42.553	
19	42.554	
19	42.554	
19	42.554	
19	42.569	
19	42.570	
19	42.571	
19	42.575	
19	42.575	
19	42.575	
19	42.595	
19	42.595	
19	42.595	
19	42.609	
19	42.614	
19	42.624	
19	42.627	
19	42.629	
19	42.629	
19	42.629	
19	42.629	
19	42.630	
19	42.630	
19	42.638	
19	42.638	
19	42.638	
19	42.638	
19	42.638	
19	42.638	
19	42.646	
19	42.660	
19	42.662	
19	42.662	
19	42.662	
19	42.664	
19	42.664	
19	42.664	
19	42.688	
19	42.688	
19	42.688	
19	42.688	
19	42.690	
19	42.691	
19	42.691	
19	42.691	
19	42.691	
19	42.691	
19	42.693	
19	42.693	
19	42.694	
19	42.694	
19	42.694	
19	42.694	
19	42.695	
19	42.695	
19	42.696	
19	42.696	
19	42.696	
19	42.696	
19	42.696	
19	42.716	
19	42.716	
19	42.750	
19	42.751	
19	42.764	
19	42.779	
19	42.779	
19	42.779	
19	42.784	
19	42.792	
19	42.792	
19	42.793	
19	42.793	
19	42.799	
19	42.800	
19	42.800	
19	42.808	
19	42.808	
19	42.808	
19	42.852	
19	42.852	
19	42.852	
19	42.852	
19	42.868	
19	42.869	
19	42.869	
19	42.869	
19	42.869	
19	42.880	
19	42.913	
19	42.923	
19	42.923	
19	42.923	
19	42.923	
19	42.924	
19	42.924	
19	42.924	
19	42.924	
19	42.938	
19	42.939	
19	42.942	
19	42.944	
19	42.944	
19	42.944	
19	42.944	
19	42.963	
19	42.963	
19	42.987	
19	42.987	
19	42.987	
19	42.990	
19	42.990	
19	42.991	
19	42.991	
19	42.991	
19	42.992	
19	42.992	
19	42.993	
19	42.993	
19	42.993	
19	42.993	
19	42.995	
19	42.997	
19	42.997	
19	42.997	
19	43.041	
19	43.041	
19	43.052	
19	43.052	
19	43.065	
19	43.065	
19	43.065	
19	43.065	
19	43.065	
19	43.065	
19	43.065	
19	43.065	
19	43.091	
19	43.128	
19	43.128	
19	43.135	
19	43.136	
19	43.148	
19	43.185	
19	43.185	
19	43.185	
19	43.185	
19	43.185	
19	43.185	
19	43.185	
19	43.185	
19	43.185	
19	43.200	
19	43.201	
19	43.201	
19	43.201	
19	43.203	
19	43.205	
19	43.205	
19	43.233	
19	43.233	
19	43.246	
19	43.246	
19	43.246	
19	43.246	
19	43.246	
19	43.249	
19	43.263	
19	43.264	
19	43.266	
19	43.266	
19	43.266	
19	43.267	
19	43.271	
19	43.271	
19	43.271	
19	43.272	
19	43.276	
19	43.276	
19	43.291	
19	43.304	
19	43.304	
19	43.304	
19	43.307	
19	43.307	
19	43.334	
19	43.334	
19	43.336	
19	43.336	
19	43.336	
19	43.336	
19	43.336	
19	43.348	
19	43.348	
19	43.348	
19	43.350	
19	43.350	
19	43.364	
19	43.368	
19	43.385	
19	43.385	
19	43.406	
19	43.407	
19	43.419	
19	43.420	
19	43.420	
19	43.421	
19	43.422	
19	43.422	
19	43.425	
19	43.426	
19	43.426	
19	43.464	
19	43.482	
19	43.483	
19	43.483	
19	43.483	
19	43.483	
19	43.483	
19	43.485	
19	43.500	
19	43.500	
19	43.508	
19	43.508	
19	43.531	
19	43.534	
19	43.534	
19	43.538	
19	43.547	
19	43.559	
19	43.559	
19	43.560	
19	43.560	
19	43.560	
19	43.560	
19	43.560	
19	43.561	
19	43.605	
19	43.618	
19	43.618	
19	43.619	
19	43.619	
19	43.641	
19	43.671	
19	43.672	
19	43.672	
19	43.672	
19	43.676	
19	43.677	
19	43.682	
19	43.683	
19	43.683	
19	43.689	
19	43.689	
19	43.710	
19	43.710	
19	43.716	
19	43.755	
19	43.755	
19	43.760	
19	43.760	
19	43.760	
19	43.760	
19	43.772	
19	43.796	
19	43.796	
19	43.800	
19	43.801	
19	43.807	
19	43.807	
19	43.807	
19	43.849	
19	43.849	
19	43.871	
19	43.878	
19	43.878	
19	43.878	
19	43.878	
19	43.878	
19	43.878	
19	43.878	
19	43.878	
19	43.879	
19	43.879	
19	43.879	
19	43.883	
19	43.883	
19	43.883	
19	43.883	
19	43.886	
19	43.886	
19	43.898	
19	43.901	
19	43.901	
19	43.901	
19	43.920	
19	43.964	
19	43.964	
19	43.988	
19	43.988	
19	43.997	
19	43.997	
19	43.999	
19	44.008	
19	44.008	
19	44.008	
19	44.014	
19	44.014	
19	44.017	
19	44.017	
19	44.017	
19	44.019	
19	44.020	
19	44.022	
19	44.029	
19	44.029	
19	44.050	
19	44.063	
19	44.084	
19	44.084	
19	44.102	
19	44.122	
19	44.122	
19	44.127	
19	44.152	
19	44.166	
19	44.177	
19	44.182	
19	44.182	
19	44.208	
19	44.208	
19	44.209	
19	44.209	
19	44.234	
19	44.234	
19	44.247	
19	44.261	
19	44.261	
19	44.261	
19	44.261	
19	44.262	
19	44.262	
19	44.277	
19	44.277	
19	44.277	
19	44.291	
19	44.291	
19	44.291	
19	44.291	
19	44.300	
19	44.300	
19	44.320	
19	44.320	
19	44.384	
19	44.388	
19	44.397	
19	44.400	
19	44.401	
19	44.401	
19	44.412	
19	44.412	
19	44.420	
19	44.421	
19	44.423	
19	44.438	
19	44.459	
19	44.459	
19	44.499	
19	44.500	
19	44.500	
19	44.500	
19	44.505	
19	44.525	
19	44.543	
19	44.543	
19	44.543	
19	44.544	
19	44.544	
19	44.560	
19	44.560	
19	44.561	
19	44.562	
19	44.576	
19	44.577	
19	44.577	
19	44.577	
19	44.577	
19	44.577	
19	44.577	
19	44.577	
19	44.578	
19	44.578	
19	44.578	
19	44.578	
19	44.578	
19	44.582	
19	44.590	
19	44.590	
19	44.600	
19	44.601	
19	44.602	
19	44.605	
19	44.605	
19	44.612	
19	44.612	
19	44.612	
19	44.612	
19	44.612	
19	44.625	
19	44.625	
19	44.638	
19	44.639	
19	44.639	
19	44.639	
19	44.639	
19	44.639	
19	44.639	
19	44.639	
19	44.644	
19	44.644	
19	44.663	
19	44.663	
19	44.700	
19	44.700	
19	44.700	
19	44.701	
19	44.702	
19	44.702	
19	44.722	
19	44.727	
19	44.729	
19	44.729	
19	44.729	
19	44.730	
19	44.730	
19	44.730	
19	44.731	
19	44.732	
19	44.732	
19	44.732	
19	44.732	
19	44.737	
19	44.737	
19	44.737	
19	44.737	
19	44.740	
19	44.740	
19	44.740	
19	44.740	
19	44.742	
19	44.744	
19	44.744	
19	44.745	
19	44.745	
19	44.745	
19	44.749	
19	44.749	
19	44.749	
19	44.749	
19	44.749	
19	44.750	
19	44.756	
19	44.756	
19	44.756	
19	44.756	
19	44.756	
19	44.756	
19	44.757	
19	44.757	
19	44.757	
19	44.757	
19	44.760	
19	44.761	
19	44.761	
19	44.761	
19	44.761	
19	44.761	
19	44.764	
19	44.764	
19	44.765	
19	44.765	
19	44.765	
19	44.765	
19	44.765	
19	44.765	
19	44.768	
19	44.769	
19	44.770	
19	44.771	
19	44.771	
19	44.771	
19	44.771	
19	44.771	
19	44.771	
19	44.771	
19	44.771	
19	44.772	
19	44.772	
19	44.775	
19	44.775	
19	44.775	
19	44.776	
19	44.776	
19	44.776	
19	44.776	
19	44.776	
19	44.777	
19	44.777	
19	44.777	
19	44.777	
19	44.777	
19	44.778	
19	44.778	
19	44.778	
19	44.782	
19	44.782	
19	44.782	
19	44.782	
19	44.782	
19	44.782	
19	44.782	
19	44.783	
19	44.783	
19	44.783	
19	44.784	
19	44.784	
19	44.784	
19	44.784	
19	44.784	
19	44.786	
19	44.793	
19	44.793	
19	44.794	
19	44.798	
19	44.798	
19	44.798	
19	44.799	
19	44.799	
19	44.799	
19	44.799	
19	44.799	
19	44.801	
19	44.804	
19	44.804	
19	44.804	
19	44.804	
19	44.809	
19	44.809	
19	44.809	
19	44.809	
19	44.809	
19	44.809	
19	44.809	
19	44.812	
19	44.814	
19	44.814	
19	44.814	
19	44.814	
19	44.817	
19	44.817	
19	44.817	
19	44.817	
19	44.818	
19	44.819	
19	44.819	
19	44.820	
19	44.820	
19	44.824	
19	44.827	
19	44.827	
19	44.828	
19	44.828	
19	44.829	
19	44.830	
19	44.830	
19	44.830	
19	44.830	
19	44.830	
19	44.833	
19	44.833	
19	44.833	
19	44.833	
19	44.833	
19	44.833	
19	44.833	
19	44.833	
19	44.840	
19	44.840	
19	44.841	
19	44.841	
19	44.841	
19	44.843	
19	44.843	
19	44.843	
19	44.844	
19	44.845	
19	44.845	
19	44.845	
19	44.846	
19	44.846	
19	44.847	
19	44.847	
19	44.847	
19	44.847	
19	44.847	
19	44.847	
19	44.847	
19	44.847	
19	44.848	
19	44.848	
19	44.849	
19	44.849	
19	44.852	
19	44.852	
19	44.852	
19	44.852	
19	44.855	
19	44.855	
19	44.855	
19	44.856	
19	44.856	
19	44.856	
19	44.856	
19	44.871	
19	44.873	
19	44.873	
19	44.873	
19	44.873	
19	44.873	
19	44.875	
19	44.876	
19	44.876	
19	44.876	
19	44.876	
19	44.876	
19	44.876	
19	44.877	
19	44.880	
19	44.881	
19	44.881	
19	44.881	
19	44.883	
19	44.883	
19	44.883	
19	44.883	
19	44.890	
19	44.890	
19	44.891	
19	44.893	
19	44.893	
19	44.896	
19	44.897	
19	44.897	
19	44.897	
19	44.897	
19	44.897	
19	44.897	
19	44.897	
19	44.897	
19	44.897	
19	44.898	
19	44.898	
19	44.899	
19	44.899	
19	44.899	
19	44.901	
19	44.901	
19	44.901	
19	44.901	
19	44.901	
19	45.028	
19	45.029	
19	45.029	
19	45.029	
19	45.029	
19	45.029	
19	45.029	
19	45.029	
19	45.030	
19	45.030	
19	45.030	
19	45.030	
19	45.039	
19	45.043	
19	45.043	
19	45.043	
19	45.043	
19	45.044	
19	45.044	
19	45.045	
19	45.045	
19	45.045	
19	45.045	
19	45.045	
19	45.046	
19	45.046	
19	45.046	
19	45.047	
19	45.047	
19	45.047	
19	45.047	
19	45.047	
19	45.047	
19	45.047	
19	45.050	
19	45.050	
19	45.050	
19	45.050	
19	45.050	
19	45.051	
19	45.051	
19	45.054	
19	45.054	
19	45.054	
19	45.054	
19	45.054	
19	45.054	
19	45.055	
19	45.055	
19	45.055	
19	45.055	
19	45.056	
19	45.056	
19	45.056	
19	45.060	
19	45.060	
19	45.060	
19	45.060	
19	45.061	
19	45.061	
19	45.061	
19	45.061	
19	45.063	
19	45.063	
19	45.063	
19	45.063	
19	45.063	
19	45.063	
19	45.063	
19	45.063	
19	45.063	
19	45.064	
19	45.064	
19	45.064	
19	45.065	
19	45.065	
19	45.065	
19	45.065	
19	45.065	
19	45.065	
19	45.065	
19	45.065	
19	45.069	
19	45.069	
19	45.069	
19	45.073	
19	45.075	
19	45.075	
19	45.075	
19	45.075	
19	45.075	
19	45.076	
19	45.076	
19	45.076	
19	45.077	
19	45.080	
19	45.080	
19	45.081	
19	45.081	
19	45.081	
19	45.081	
19	45.084	
19	45.084	
19	45.084	
19	45.084	
19	45.084	
19	45.085	
19	45.085	
19	45.086	
19	45.086	
19	45.087	
19	45.087	
19	45.087	
19	45.087	
19	45.088	
19	45.088	
19	45.088	
19	45.088	
19	45.088	
19	45.088	
19	45.088	
19	45.088	
19	45.088	
19	45.088	
19	45.091	
19	45.091	
19	45.091	
19	45.091	
19	45.091	
19	45.091	
19	45.091	
19	45.091	
19	45.091	
19	45.091	
19	45.091	
19	45.091	
19	45.091	
19	45.092	
19	45.092	
19	45.092	
19	45.097	
19	45.098	
19	45.098	
19	45.099	
19	45.099	
19	45.103	
19	45.106	
19	45.114	
19	45.114	
19	45.114	
19	45.114	
19	45.116	
19	45.116	
19	45.117	
19	45.117	
19	45.121	
19	45.121	
19	45.121	
19	45.123	
19	45.123	
19	45.123	
19	45.126	
19	45.126	
19	45.126	
19	45.126	
19	45.126	
19	45.126	
19	45.126	
19	45.126	
19	45.126	
19	45.126	
19	45.127	
19	45.128	
19	45.128	
19	45.130	
19	45.130	
19	45.130	
19	45.130	
19	45.131	
19	45.131	
19	45.133	
19	45.133	
19	45.134	
19	45.134	
19	45.137	
19	45.137	
19	45.138	
19	45.138	
19	45.140	
19	45.142	
19	45.142	
19	45.142	
19	45.142	
19	45.142	
19	45.142	
19	45.142	
19	45.142	
19	45.142	
19	45.142	
19	45.142	
19	45.145	
19	45.145	
19	45.145	
19	45.148	
19	45.148	
19	45.149	
19	45.149	
19	45.149	
19	45.152	
19	45.152	
19	45.152	
19	45.152	
19	45.499	
19	45.499	
19	45.539	
19	45.539	
19	45.548	
19	45.548	
19	45.554	
19	45.603	
19	45.603	
19	45.830	
19	45.850	
19	45.850	
19	46.557	
19	46.568	
19	46.568	
19	46.568	
19	46.569	
19	46.571	
19	46.572	
19	46.584	
19	46.584	
19	46.604	
19	46.604	
19	46.604	
19	46.604	
19	46.604	
19	46.618	
19	46.618	
19	46.618	
19	46.618	
19	46.618	
19	46.639	
19	46.665	
19	46.719	
19	46.719	
19	46.719	
19	46.758	
19	46.766	
19	46.766	
19	46.766	
19	46.766	
19	46.766	
19	46.766	
19	46.766	
19	46.766	
19	46.766	
19	46.766	
19	46.767	
19	46.767	
19	46.872	
19	46.872	
19	46.872	
19	46.872	
19	46.903	
19	46.903	
19	47.005	
19	47.006	
19	47.075	
19	47.102	
19	47.103	
19	47.103	
19	47.103	
19	47.103	
19	47.291	
19	47.776	
19	48.009	
19	48.009	
19	48.009	
19	48.014	
19	48.014	
19	48.021	
19	48.024	
19	48.024	
19	48.032	
19	48.032	
19	48.032	
19	48.032	
19	48.035	
19	48.035	
19	48.037	
19	48.037	
19	48.038	
19	48.038	
19	48.038	
19	48.038	
19	48.038	
19	48.040	
19	48.040	
19	48.393	
19	48.393	
19	48.393	
19	48.393	
19	48.393	
19	48.393	
19	48.421	
19	48.463	
19	48.467	
19	48.469	
19	48.469	
19	48.469	
19	48.492	
19	48.493	
19	48.493	
19	48.493	
19	48.493	
19	48.495	
19	48.495	
19	48.495	
19	48.495	
19	48.495	
19	48.496	
19	48.497	
19	48.497	
19	48.497	
19	48.497	
19	48.498	
19	48.528	
19	48.757	
19	48.757	
19	48.784	
19	48.788	
19	48.788	
19	48.788	
19	48.790	
19	48.790	
19	48.807	
19	48.807	
19	48.818	
19	48.824	
19	48.830	
19	48.830	
19	48.832	
19	48.832	
19	49.078	
19	49.129	
19	49.130	
19	49.137	
19	49.149	
19	50.080	
19	50.080	
19	50.080	
19	50.721	
19	50.722	
19	50.722	
19	50.735	
19	50.746	
19	50.779	
19	50.779	
19	50.780	
19	50.780	
19	50.786	
19	51.100	
19	51.172	
19	51.298	
19	51.310	
19	51.310	
19	51.317	
19	51.317	
19	51.402	
19	51.429	
19	51.439	
19	51.439	
19	51.439	
19	51.440	
19	51.440	
19	51.440	
19	51.440	
19	51.441	
19	51.457	
19	51.459	
19	51.459	
19	51.461	
19	51.461	
19	51.461	
19	51.462	
19	51.462	
19	51.465	
19	51.467	
19	51.467	
19	51.467	
19	51.467	
19	51.476	
19	51.477	
19	51.477	
19	51.487	
19	51.489	
19	51.489	
19	51.489	
19	51.489	
19	51.495	
19	51.495	
19	51.495	
19	51.496	
19	51.499	
19	51.499	
19	51.502	
19	51.502	
19	51.502	
19	51.502	
19	51.503	
19	51.504	
19	51.504	
19	51.504	
19	51.504	
19	51.509	
19	51.510	
19	51.510	
19	51.510	
19	51.510	
19	51.512	
19	51.514	
19	51.516	
19	51.519	
19	51.533	
19	51.537	
19	51.537	
19	51.538	
19	51.541	
19	51.547	
19	51.547	
19	51.547	
19	51.550	
19	51.550	
19	51.551	
19	51.551	
19	51.551	
19	51.551	
19	51.552	
19	51.553	
19	51.553	
19	51.557	
19	51.586	
19	51.603	
19	51.605	
19	51.606	
19	51.607	
19	51.609	
19	51.609	
19	51.609	
19	51.609	
19	51.610	
19	51.613	
19	51.614	
19	51.614	
19	51.614	
19	51.615	
19	51.616	
19	51.618	
19	51.618	
19	51.618	
19	51.620	
19	51.621	
19	51.624	
19	51.628	
19	51.629	
19	51.629	
19	51.630	
19	51.630	
19	51.630	
19	51.630	
19	51.631	
19	51.632	
19	51.632	
19	51.633	
19	51.633	
19	51.635	
19	51.635	
19	51.635	
19	51.635	
19	51.635	
19	51.659	
19	51.672	
19	51.672	
19	51.672	
19	51.672	
19	51.674	
19	51.674	
19	51.678	
19	51.678	
19	51.679	
19	51.679	
19	51.680	
19	51.680	
19	51.680	
19	51.681	
19	51.683	
19	51.683	
19	51.684	
19	51.684	
19	51.684	
19	51.694	
19	51.694	
19	51.695	
19	51.696	
19	51.696	
19	51.697	
19	51.698	
19	51.698	
19	51.698	
19	51.698	
19	51.698	
19	51.698	
19	51.698	
19	51.705	
19	51.705	
19	51.705	
19	51.706	
19	51.706	
19	51.706	
19	51.706	
19	51.708	
19	51.708	
19	51.709	
19	51.712	
19	51.712	
19	51.712	
19	51.712	
19	51.712	
19	51.713	
19	51.713	
19	51.713	
19	51.715	
19	51.716	
19	51.716	
19	51.716	
19	51.716	
19	51.716	
19	51.716	
19	51.716	
19	51.716	
19	51.716	
19	51.719	
19	51.719	
19	51.719	
19	51.719	
19	51.719	
19	51.719	
19	51.719	
19	51.719	
19	51.721	
19	51.723	
19	51.727	
19	51.728	
19	51.728	
19	51.728	
19	51.728	
19	51.728	
19	51.731	
19	51.731	
19	51.731	
19	51.731	
19	51.733	
19	51.733	
19	51.733	
19	51.735	
19	51.738	
19	51.738	
19	51.738	
19	51.738	
19	51.738	
19	51.738	
19	51.738	
19	51.738	
19	51.740	
19	51.740	
19	51.740	
19	51.740	
19	51.740	
19	51.741	
19	51.741	
19	51.741	
19	51.742	
19	51.742	
19	51.743	
19	51.744	
19	51.745	
19	51.745	
19	51.746	
19	51.746	
19	51.747	
19	51.750	
19	51.751	
19	51.751	
19	51.753	
19	51.753	
19	51.753	
19	51.753	
19	51.754	
19	51.754	
19	51.754	
19	51.756	
19	51.756	
19	51.757	
19	51.757	
19	51.757	
19	51.758	
19	51.758	
19	51.763	
19	51.767	
19	51.767	
19	51.767	
19	51.767	
19	51.769	
19	51.770	
19	51.770	
19	51.775	
19	51.776	
19	51.776	
19	51.777	
19	51.777	
19	51.777	
19	51.777	
19	51.778	
19	51.778	
19	51.779	
19	51.779	
19	51.783	
19	51.783	
19	51.783	
19	51.783	
19	51.783	
19	51.785	
19	51.785	
19	51.785	
19	51.786	
19	51.786	
19	51.787	
19	51.787	
19	51.787	
19	51.787	
19	51.787	
19	51.787	
19	51.787	
19	51.787	
19	51.788	
19	51.788	
19	51.788	
19	51.788	
19	51.788	
19	51.788	
19	51.788	
19	51.788	
19	51.788	
19	51.788	
19	51.788	
19	51.788	
19	51.788	
19	51.788	
19	51.788	
19	51.788	
19	51.788	
19	51.788	
19	51.788	
19	51.788	
19	51.794	
19	51.800	
19	51.800	
19	51.800	
19	51.801	
19	51.805	
19	51.806	
19	51.806	
19	51.806	
19	51.808	
19	51.810	
19	51.810	
19	51.810	
19	51.810	
19	51.811	
19	51.811	
19	51.811	
19	51.811	
19	51.811	
19	51.814	
19	51.815	
19	51.815	
19	51.815	
19	51.815	
19	51.815	
19	51.815	
19	51.815	
19	51.815	
19	51.815	
19	51.815	
19	51.817	
19	51.819	
19	51.819	
19	51.819	
19	51.819	
19	51.819	
19	51.820	
19	51.820	
19	51.820	
19	51.822	
19	51.823	
19	51.829	
19	51.829	
19	51.829	
19	51.831	
19	51.831	
19	51.831	
19	51.831	
19	51.831	
19	51.831	
19	51.831	
19	51.832	
19	51.837	
19	51.837	
19	51.837	
19	51.837	
19	51.837	
19	51.837	
19	51.837	
19	51.839	
19	51.839	
19	51.839	
19	51.839	
19	51.840	
19	51.840	
19	51.840	
19	51.840	
19	51.846	
19	51.846	
19	51.846	
19	51.846	
19	51.847	
19	51.848	
19	51.848	
19	51.848	
19	51.848	
19	51.849	
19	51.849	
19	51.849	
19	51.851	
19	51.851	
19	51.854	
19	51.855	
19	51.855	
19	51.855	
19	51.855	
19	51.856	
19	51.859	
19	51.860	
19	51.864	
19	51.864	
19	51.865	
19	51.865	
19	51.865	
19	51.865	
19	51.865	
19	51.865	
19	51.865	
19	51.865	
19	51.865	
19	51.865	
19	51.865	
19	51.866	
19	51.866	
19	51.866	
19	51.866	
19	51.866	
19	51.866	
19	51.866	
19	51.870	
19	51.870	
19	51.872	
19	51.890	
19	51.890	
19	51.891	
19	51.891	
19	51.893	
19	51.909	
19	51.914	
19	51.914	
19	51.916	
19	51.916	
19	51.917	
19	51.919	
19	51.940	
19	51.941	
19	51.943	
19	51.943	
19	51.945	
19	51.945	
19	51.947	
19	51.947	
19	51.947	
19	51.947	
19	51.948	
19	51.948	
19	51.948	
19	51.948	
19	51.948	
19	51.949	
19	51.949	
19	51.949	
19	51.949	
19	51.949	
19	51.949	
19	51.949	
19	51.949	
19	51.949	
19	51.949	
19	51.951	
19	51.951	
19	51.951	
19	51.953	
19	51.953	
19	51.954	
19	51.957	
19	51.958	
19	51.958	
19	51.958	
19	51.958	
19	51.958	
19	51.958	
19	51.958	
19	51.959	
19	51.959	
19	51.966	
19	51.967	
19	51.967	
19	51.967	
19	51.967	
19	51.968	
19	51.968	
19	51.968	
19	51.968	
19	51.968	
19	51.968	
19	51.970	
19	51.970	
19	51.970	
19	51.970	
19	51.972	
19	51.973	
19	51.974	
19	51.974	
19	51.974	
19	51.974	
19	51.975	
19	51.975	
19	51.975	
19	51.975	
19	51.975	
19	51.975	
19	51.975	
19	51.975	
19	51.975	
19	51.975	
19	51.975	
19	51.975	
19	51.975	
19	51.977	
19	51.977	
19	51.977	
19	51.978	
19	51.978	
19	51.978	
19	51.978	
19	51.978	
19	51.978	
19	51.978	
19	51.978	
19	51.978	
19	51.979	
19	51.979	
19	51.979	
19	51.979	
19	51.980	
19	51.980	
19	51.980	
19	51.980	
19	51.980	
19	51.980	
19	51.980	
19	51.983	
19	51.983	
19	51.984	
19	51.984	
19	51.984	
19	51.984	
19	51.984	
19	51.984	
19	51.985	
19	51.985	
19	51.985	
19	51.986	
19	51.987	
19	51.987	
19	51.988	
19	51.988	
19	51.988	
19	51.988	
19	51.988	
19	51.988	
19	51.988	
19	51.989	
19	51.989	
19	51.989	
19	51.989	
19	51.989	
19	51.991	
19	51.991	
19	51.991	
19	51.991	
19	51.991	
19	51.991	
19	51.992	
19	51.992	
19	51.992	
19	51.992	
19	51.992	
19	51.993	
19	51.994	
19	51.994	
19	51.994	
19	51.995	
19	51.995	
19	51.995	
19	51.995	
19	51.995	
19	51.995	
19	51.995	
19	51.996	
19	51.996	
19	51.997	
19	51.997	
19	51.997	
19	51.997	
19	51.997	
19	51.997	
19	51.997	
19	51.997	
19	51.998	
19	51.998	
19	51.998	
19	51.999	
19	52.001	
19	52.001	
19	52.001	
19	52.004	
19	52.004	
19	52.004	
19	52.004	
19	52.004	
19	52.004	
19	52.005	
19	52.006	
19	52.006	
19	52.007	
19	52.007	
19	52.007	
19	52.007	
19	52.007	
19	52.007	
19	52.007	
19	52.010	
19	52.010	
19	52.010	
19	52.010	
19	52.012	
19	52.012	
19	52.012	
19	52.012	
19	52.014	
19	52.014	
19	52.014	
19	52.014	
19	52.014	
19	52.014	
19	52.014	
19	52.015	
19	52.015	
19	52.017	
19	52.017	
19	52.017	
19	52.018	
19	52.018	
19	52.018	
19	52.018	
19	52.018	
19	52.019	
19	52.019	
19	52.019	
19	52.019	
19	52.020	
19	52.020	
19	52.020	
19	52.020	
19	52.020	
19	52.020	
19	52.020	
19	52.021	
19	52.021	
19	52.021	
19	52.021	
19	52.022	
19	52.022	
19	52.023	
19	52.023	
19	52.024	
19	52.024	
19	52.024	
19	52.024	
19	52.024	
19	52.025	
19	52.025	
19	52.025	
19	52.025	
19	52.025	
19	52.026	
19	52.026	
19	52.026	
19	52.026	
19	52.026	
19	52.026	
19	52.026	
19	52.027	
19	52.027	
19	52.027	
19	52.027	
19	52.027	
19	52.027	
19	52.027	
19	52.027	
19	52.027	
19	52.027	
19	52.028	
19	52.028	
19	52.028	
19	52.028	
19	52.028	
19	52.037	
19	52.050	
19	52.053	
19	52.053	
19	52.053	
19	52.054	
19	52.054	
19	52.055	
19	52.055	
19	52.055	
19	52.058	
19	52.061	
19	52.061	
19	52.063	
19	52.064	
19	52.064	
19	52.064	
19	52.064	
19	52.064	
19	52.064	
19	52.064	
19	52.064	
19	52.064	
19	52.064	
19	52.064	
19	52.064	
19	52.064	
19	52.064	
19	52.064	
19	52.064	
19	52.064	
19	52.066	
19	52.069	
19	52.070	
19	52.070	
19	52.070	
19	52.070	
19	52.072	
19	52.073	
19	52.073	
19	52.073	
19	52.073	
19	52.073	
19	52.074	
19	52.074	
19	52.074	
19	52.074	
19	52.074	
19	52.074	
19	52.075	
19	52.075	
19	52.075	
19	52.075	
19	52.075	
19	52.076	
19	52.077	
19	52.078	
19	52.078	
19	52.081	
19	52.081	
19	52.088	
19	52.088	
19	52.088	
19	52.088	
19	52.088	
19	52.088	
19	52.088	
19	52.089	
19	52.090	
19	52.091	
19	52.091	
19	52.091	
19	52.091	
19	52.091	
19	52.093	
19	52.093	
19	52.093	
19	52.094	
19	52.094	
19	52.094	
19	52.096	
19	52.096	
19	52.096	
19	52.096	
19	52.096	
19	52.096	
19	52.096	
19	52.096	
19	52.096	
19	52.096	
19	52.096	
19	52.097	
19	52.097	
19	52.097	
19	52.099	
19	52.102	
19	52.102	
19	52.102	
19	52.102	
19	52.102	
19	52.103	
19	52.103	
19	52.103	
19	52.103	
19	52.104	
19	52.104	
19	52.104	
19	52.104	
19	52.105	
19	52.105	
19	52.105	
19	52.105	
19	52.109	
19	52.112	
19	52.117	
19	52.117	
19	52.117	
19	52.118	
19	52.118	
19	52.118	
19	52.118	
19	52.119	
19	52.120	
19	52.120	
19	52.121	
19	52.125	
19	52.125	
19	52.125	
19	52.125	
19	52.126	
19	52.126	
19	52.127	
19	52.127	
19	52.132	
19	52.132	
19	52.134	
19	52.134	
19	52.134	
19	52.134	
19	52.134	
19	52.137	
19	52.137	
19	52.143	
19	52.143	
19	52.153	
19	52.153	
19	52.153	
19	52.153	
19	52.153	
19	52.154	
19	52.154	
19	52.154	
19	52.154	
19	52.154	
19	52.154	
19	52.154	
19	52.154	
19	52.154	
19	52.154	
19	52.154	
19	52.154	
19	52.154	
19	52.155	
19	52.155	
19	52.156	
19	52.156	
19	52.156	
19	52.157	
19	52.157	
19	52.158	
19	52.158	
19	52.160	
19	52.160	
19	52.160	
19	52.160	
19	52.160	
19	52.160	
19	52.162	
19	52.165	
19	52.167	
19	52.167	
19	52.168	
19	52.168	
19	52.168	
19	52.170	
19	52.170	
19	52.170	
19	52.170	
19	52.170	
19	52.171	
19	52.171	
19	52.171	
19	52.171	
19	52.173	
19	52.173	
19	52.173	
19	52.173	
19	52.173	
19	52.173	
19	52.174	
19	52.174	
19	52.175	
19	52.175	
19	52.175	
19	52.175	
19	52.177	
19	52.177	
19	52.177	
19	52.178	
19	52.179	
19	52.181	
19	52.182	
19	52.182	
19	52.183	
19	52.183	
19	52.184	
19	52.184	
19	52.184	
19	52.184	
19	52.184	
19	52.184	
19	52.184	
19	52.185	
19	52.185	
19	52.186	
19	52.186	
19	52.188	
19	52.188	
19	52.188	
19	52.188	
19	52.188	
19	52.188	
19	52.188	
19	52.189	
19	52.189	
19	52.189	
19	52.189	
19	52.190	
19	52.190	
19	52.190	
19	52.193	
19	52.193	
19	52.193	
19	52.193	
19	52.194	
19	52.194	
19	52.194	
19	52.194	
19	52.194	
19	52.194	
19	52.194	
19	52.194	
19	52.196	
19	52.196	
19	52.196	
19	52.196	
19	52.196	
19	52.196	
19	52.197	
19	52.197	
19	52.197	
19	52.198	
19	52.198	
19	52.199	
19	52.199	
19	52.199	
19	52.200	
19	52.200	
19	52.202	
19	52.207	
19	52.207	
19	52.209	
19	52.210	
19	52.210	
19	52.210	
19	52.210	
19	52.210	
19	52.210	
19	52.210	
19	52.210	
19	52.210	
19	52.212	
19	52.213	
19	52.213	
19	52.213	
19	52.213	
19	52.213	
19	52.214	
19	52.214	
19	52.214	
19	52.214	
19	52.214	
19	52.214	
19	52.214	
19	52.214	
19	52.214	
19	52.214	
19	52.214	
19	52.215	
19	52.216	
19	52.218	
19	52.218	
19	52.218	
19	52.218	
19	52.218	
19	52.218	
19	52.219	
19	52.219	
19	52.219	
19	52.219	
19	52.219	
19	52.219	
19	52.222	
19	52.223	
19	52.223	
19	52.223	
19	52.223	
19	52.223	
19	52.223	
19	52.226	
19	52.226	
19	52.226	
19	52.227	
19	52.227	
19	52.227	
19	52.227	
19	52.228	
19	52.228	
19	52.228	
19	52.229	
19	52.229	
19	52.229	
19	52.229	
19	52.229	
19	52.229	
19	52.229	
19	52.229	
19	52.229	
19	52.229	
19	52.229	
19	52.230	
19	52.230	
19	52.232	
19	52.232	
19	52.233	
19	52.233	
19	52.233	
19	52.233	
19	52.235	
19	52.237	
19	52.237	
19	52.237	
19	52.237	
19	52.237	
19	52.238	
19	52.238	
19	52.238	
19	52.241	
19	52.242	
19	52.242	
19	52.243	
19	52.243	
19	52.243	
19	52.243	
19	52.244	
19	52.244	
19	52.244	
19	52.244	
19	52.244	
19	52.245	
19	52.245	
19	52.245	
19	52.245	
19	52.245	
19	52.246	
19	52.246	
19	52.246	
19	52.247	
19	52.249	
19	52.249	
19	52.249	
19	52.249	
19	52.250	
19	52.250	
19	52.250	
19	52.250	
19	52.250	
19	52.250	
19	52.250	
19	52.250	
19	52.251	
19	52.251	
19	52.252	
19	52.252	
19	52.252	
19	52.252	
19	52.253	
19	52.253	
19	52.253	
19	52.253	
19	52.254	
19	52.254	
19	52.254	
19	52.254	
19	52.260	
19	52.261	
19	52.261	
19	52.261	
19	52.261	
19	52.261	
19	52.261	
19	52.266	
19	52.298	
19	52.301	
19	52.317	
19	52.320	
19	52.321	
19	52.322	
19	52.322	
19	52.327	
19	52.328	
19	52.364	
19	52.366	
19	52.367	
19	52.367	
19	52.372	
19	52.372	
19	52.372	
19	52.375	
19	52.375	
19	52.376	
19	52.376	
19	52.376	
19	52.381	
19	52.381	
19	52.385	
19	52.386	
19	52.386	
19	52.386	
19	52.386	
19	52.387	
19	52.387	
19	52.402	
19	52.403	
19	52.404	
19	52.404	
19	52.404	
19	52.405	
19	52.407	
19	52.407	
19	52.418	
19	52.419	
19	52.419	
19	52.420	
19	52.420	
19	52.427	
19	52.428	
19	52.428	
19	52.429	
19	52.429	
19	52.430	
19	52.430	
19	52.439	
19	52.440	
19	52.441	
19	52.457	
19	52.471	
19	52.480	
19	52.515	
19	52.515	
19	52.516	
19	52.521	
19	52.524	
19	52.524	
19	52.537	
19	52.537	
19	52.538	
19	52.538	
19	52.538	
19	52.538	
19	52.545	
19	52.546	
19	52.547	
19	52.550	
19	52.551	
19	52.554	
19	52.563	
19	52.563	
19	52.563	
19	52.564	
19	52.564	
19	52.564	
19	52.564	
19	52.564	
19	52.564	
19	52.565	
19	52.651	
19	52.651	
19	52.682	
19	52.683	
19	52.683	
19	52.684	
19	52.684	
19	52.699	
19	52.699	
19	52.700	
19	52.700	
19	52.701	
19	52.701	
19	52.710	
19	52.710	
19	52.711	
19	52.711	
19	52.711	
19	52.712	
19	52.727	
19	52.727	
19	52.727	
19	52.727	
19	52.728	
19	52.728	
19	52.729	
19	52.729	
19	52.745	
19	52.747	
19	52.814	
19	52.815	
19	52.821	
19	52.824	
19	52.825	
19	52.826	
19	52.848	
19	52.849	
19	52.849	
19	52.850	
19	52.871	
19	52.872	
19	52.872	
19	52.883	
19	52.884	
19	52.891	
19	52.892	
19	52.893	
19	52.898	
19	52.898	
19	52.898	
19	52.898	
19	52.899	
19	52.899	
19	52.925	
19	52.925	
19	52.926	
19	52.994	
19	52.997	
19	52.998	
19	53.046	
19	53.047	
19	53.048	
19	53.052	
19	53.052	
19	53.053	
19	53.055	
19	53.055	
19	53.061	
19	53.062	
19	53.062	
19	53.078	
19	53.078	
19	53.078	
19	53.090	
19	53.113	
19	53.113	
19	53.113	
19	53.114	
19	53.115	
19	53.115	
19	53.123	
19	53.163	
19	53.166	
19	53.167	
19	53.167	
19	53.167	
19	53.168	
19	53.169	
19	53.170	
19	53.206	
19	53.222	
19	53.279	
19	53.295	
19	53.295	
19	53.301	
19	53.309	
19	53.310	
19	53.311	
19	53.314	
19	53.315	
19	53.321	
19	53.321	
19	53.321	
19	53.324	
19	53.324	
19	53.324	
19	53.324	
19	53.324	
19	53.324	
19	53.325	
19	53.325	
19	53.333	
19	53.335	
19	53.335	
19	53.342	
19	53.347	
19	53.352	
19	53.353	
19	53.359	
19	53.359	
19	53.359	
19	53.359	
19	53.359	
19	53.381	
19	53.381	
19	53.381	
19	53.381	
19	53.381	
19	53.395	
19	53.401	
19	53.404	
19	53.404	
19	53.404	
19	53.404	
19	53.404	
19	53.405	
19	53.406	
19	53.406	
19	53.406	
19	53.414	
19	53.414	
19	53.417	
19	53.417	
19	53.417	
19	53.417	
19	53.417	
19	53.419	
19	53.421	
19	53.421	
19	53.421	
19	53.421	
19	53.421	
19	53.423	
19	53.423	
19	53.428	
19	53.428	
19	53.429	
19	53.429	
19	53.429	
19	53.430	
19	53.430	
19	53.435	
19	53.435	
19	53.435	
19	53.435	
19	53.435	
19	53.435	
19	53.435	
19	53.440	
19	53.455	
19	53.456	
19	53.456	
19	53.457	
19	53.457	
19	53.457	
19	53.457	
19	53.457	
19	53.457	
19	53.459	
19	53.462	
19	53.462	
19	53.462	
19	53.467	
19	53.477	
19	53.478	
19	53.478	
19	53.481	
19	53.495	
19	53.495	
19	53.495	
19	53.496	
19	53.496	
19	53.497	
19	53.497	
19	53.505	
19	53.514	
19	53.517	
19	53.521	
19	53.522	
19	53.522	
19	53.522	
19	53.522	
19	53.524	
19	53.524	
19	53.524	
19	53.525	
19	53.525	
19	53.525	
19	53.525	
19	53.536	
19	53.536	
19	53.536	
19	53.539	
19	53.545	
19	53.545	
19	53.547	
19	53.547	
19	53.555	
19	53.555	
19	53.557	
19	53.557	
19	53.557	
19	53.557	
19	53.557	
19	53.557	
19	53.558	
19	53.558	
19	53.559	
19	53.559	
19	53.566	
19	53.566	
19	53.587	
19	53.588	
19	53.588	
19	53.588	
19	53.588	
19	53.588	
19	53.589	
19	53.589	
19	53.599	
19	53.603	
19	53.606	
19	53.634	
19	53.634	
19	53.634	
19	53.634	
19	53.637	
19	53.637	
19	53.641	
19	53.641	
19	53.641	
19	53.641	
19	53.641	
19	53.641	
19	53.641	
19	53.641	
19	53.641	
19	53.643	
19	53.646	
19	53.646	
19	53.651	
19	53.651	
19	53.654	
19	53.654	
19	53.659	
19	53.659	
19	53.671	
19	53.671	
19	53.671	
19	53.673	
19	53.692	
19	53.704	
19	53.704	
19	53.704	
19	53.704	
19	53.704	
19	53.704	
19	53.704	
19	53.705	
19	53.705	
19	53.705	
19	53.705	
19	53.705	
19	53.706	
19	53.706	
19	53.707	
19	53.707	
19	53.707	
19	53.709	
19	53.725	
19	53.726	
19	53.726	
19	53.726	
19	53.726	
19	53.788	
19	53.789	
19	53.888	
19	53.889	
19	53.889	
19	53.889	
19	53.890	
19	53.890	
19	53.890	
19	53.890	
19	53.890	
19	53.890	
19	53.890	
19	53.898	
19	53.904	
19	53.904	
19	53.904	
19	53.905	
19	53.905	
19	53.905	
19	53.905	
19	53.905	
19	53.905	
19	53.905	
19	53.905	
19	53.906	
19	53.906	
19	53.906	
19	53.906	
19	53.906	
19	53.906	
19	53.907	
19	53.907	
19	53.907	
19	53.907	
19	53.914	
19	53.920	
19	53.923	
19	53.924	
19	53.933	
19	53.933	
19	53.947	
19	53.948	
19	53.949	
19	53.950	
19	53.950	
19	53.953	
19	53.972	
19	53.989	
19	53.989	
19	53.990	
19	53.999	
19	54.005	
19	54.012	
19	54.013	
19	54.015	
19	54.015	
19	54.015	
19	54.015	
19	54.018	
19	54.018	
19	54.048	
19	54.049	
19	54.049	
19	54.049	
19	54.058	
19	54.063	
19	54.063	
19	54.064	
19	54.068	
19	54.068	
19	54.068	
19	54.071	
19	54.075	
19	54.075	
19	54.081	
19	54.081	
19	54.081	
19	54.089	
19	54.089	
19	54.089	
19	54.099	
19	54.099	
19	54.100	
19	54.100	
19	54.101	
19	54.101	
19	54.101	
19	54.101	
19	54.102	
19	54.102	
19	54.102	
19	54.102	
19	54.102	
19	54.102	
19	54.102	
19	54.103	
19	54.103	
19	54.107	
19	54.109	
19	54.109	
19	54.109	
19	54.116	
19	54.116	
19	54.116	
19	54.116	
19	54.116	
19	54.117	
19	54.117	
19	54.117	
19	54.117	
19	54.117	
19	54.117	
19	54.117	
19	54.118	
19	54.118	
19	54.118	
19	54.121	
19	54.121	
19	54.121	
19	54.123	
19	54.123	
19	54.127	
19	54.127	
19	54.127	
19	54.127	
19	54.127	
19	54.130	
19	54.130	
19	54.131	
19	54.131	
19	54.131	
19	54.132	
19	54.132	
19	54.132	
19	54.136	
19	54.154	
19	54.161	
19	54.164	
19	54.164	
19	54.183	
19	54.185	
19	54.185	
19	54.185	
19	54.187	
19	54.187	
19	54.191	
19	54.191	
19	54.193	
19	54.193	
19	54.196	
19	54.196	
19	54.196	
19	54.196	
19	54.196	
19	54.196	
19	54.196	
19	54.196	
19	54.196	
19	54.196	
19	54.197	
19	54.197	
19	54.197	
19	54.197	
19	54.197	
19	54.200	
19	54.201	
19	54.201	
19	54.202	
19	54.202	
19	54.204	
19	54.204	
19	54.206	
19	54.211	
19	54.211	
19	54.212	
19	54.212	
19	54.213	
19	54.213	
19	54.213	
19	54.213	
19	54.213	
19	54.213	
19	54.217	
19	54.217	
19	54.217	
19	54.217	
19	54.217	
19	54.218	
19	54.228	
19	54.228	
19	54.228	
19	54.229	
19	54.233	
19	54.233	
19	54.233	
19	54.241	
19	54.241	
19	54.241	
19	54.241	
19	54.243	
19	54.243	
19	54.243	
19	54.244	
19	54.244	
19	54.244	
19	54.244	
19	54.244	
19	54.244	
19	54.245	
19	54.255	
19	54.266	
19	54.268	
19	54.278	
19	54.278	
19	54.278	
19	54.281	
19	54.284	
19	54.284	
19	54.284	
19	54.284	
19	54.284	
19	54.289	
19	54.289	
19	54.290	
19	54.296	
19	54.298	
19	54.298	
19	54.300	
19	54.300	
19	54.300	
19	54.302	
19	54.302	
19	54.302	
19	54.302	
19	54.302	
19	54.302	
19	54.303	
19	54.303	
19	54.303	
19	54.303	
19	54.303	
19	54.303	
19	54.303	
19	54.306	
19	54.306	
19	54.307	
19	54.311	
19	54.316	
19	54.316	
19	54.316	
19	54.321	
19	54.321	
19	54.321	
19	54.321	
19	54.326	
19	54.326	
19	54.326	
19	54.354	
19	54.371	
19	54.379	
19	54.385	
19	54.386	
19	54.387	
19	54.417	
19	54.423	
19	54.469	
19	54.472	
19	54.488	
19	54.495	
19	54.515	
19	54.516	
19	54.516	
19	54.516	
19	54.517	
19	54.517	
19	54.517	
19	54.518	
19	54.519	
19	54.519	
19	54.525	
19	54.530	
19	54.534	
19	54.544	
19	54.544	
19	54.546	
19	54.546	
19	54.546	
19	54.547	
19	54.547	
19	54.547	
19	54.547	
19	54.547	
19	54.548	
19	54.548	
19	54.548	
19	54.548	
19	54.548	
19	54.549	
19	54.551	
19	54.553	
19	54.559	
19	54.559	
19	54.559	
19	54.560	
19	54.561	
19	54.561	
19	54.561	
19	54.562	
19	54.562	
19	54.562	
19	54.562	
19	54.562	
19	54.562	
19	54.563	
19	54.563	
19	54.566	
19	54.570	
19	54.576	
19	54.577	
19	54.580	
19	54.599	
19	54.604	
19	54.650	
19	54.759	
19	54.910	
19	54.949	
19	55.206	
19	55.226	
19	55.226	
19	55.233	
19	55.233	
19	55.467	
19	55.993	
19	56.024	
19	56.036	
19	56.036	
19	56.044	
19	56.044	
19	56.044	
19	56.074	
19	56.074	
19	56.139	
19	56.139	
19	56.139	
19	56.279	
19	56.283	
19	56.284	
19	56.295	
19	56.296	
19	56.307	
19	56.307	
19	56.325	
19	56.337	
19	56.352	
19	56.352	
19	56.352	
19	56.352	
19	56.352	
19	56.352	
19	56.352	
19	56.358	
19	56.364	
19	56.382	
19	56.383	
19	56.383	
19	56.383	
19	56.390	
19	56.390	
19	56.394	
19	56.403	
19	56.412	
19	56.412	
19	56.421	
19	56.432	
19	56.432	
19	56.437	
19	56.437	
19	56.437	
19	56.437	
19	56.437	
19	56.437	
19	56.437	
19	56.437	
19	56.437	
19	56.437	
19	56.437	
19	56.437	
19	56.437	
19	56.437	
19	56.437	
19	56.437	
19	56.454	
19	56.454	
19	56.454	
19	56.464	
19	56.505	
19	56.558	
19	56.596	
19	56.596	
19	56.599	
19	56.602	
19	56.602	
19	56.652	
19	56.652	
19	56.655	
19	56.664	
19	56.727	
19	56.745	
19	56.762	
19	56.762	
19	56.770	
19	56.770	
19	56.770	
19	56.803	
19	56.851	
