19	3139452
19	3248878
19	3248881
19	3248976
19	3250126
19	3260642
19	3262695
19	3270326
19	3276684
19	3285750
19	3286740
19	3306312
19	3309576
19	3317361
19	3322512
19	3332211
19	3335016
19	3335747
19	3346671
19	3348886
19	3414976
19	3452453
19	3570399
19	3605011
19	3612073
19	3628236
19	4434419
19	4435747
19	4642166
19	4642182
19	4642204
19	4853129
19	4855321
19	4855351
19	4859857
19	4862945
19	4863285
19	4864383
19	4864615
19	4883638
19	4897273
19	4934969
19	4957744
19	5011182
19	5046736
19	5051129
19	5051279
19	5052238
19	5052340
19	5109469
19	5134668
19	5138608
19	5139394
19	5139898
19	5142219
19	5175752
19	5400200
19	5454995
19	5599369
19	5602181
19	5603958
19	5631117
19	5640596
19	5640624
19	5641076
19	5641108
19	5641332
19	5648341
19	5649118
19	5649752
19	5650883
19	5655117
19	5655335
19	5659159
19	5659170
19	5667062
19	5682989
19	5687103
19	5687107
19	5702462
19	5710451
19	5710474
19	5710715
19	5710785
19	5710801
19	5710881
19	5710897
19	5710902
19	5710938
19	5710986
19	5712829
19	5715217
19	5715868
19	5716977
19	5718680
19	5718681
19	5719205
19	5719216
19	5719958
19	5720008
19	5721216
19	5726250
19	5727949
19	5730579
19	5743574
19	5756876
19	5757978
19	5759902
19	5760018
19	5763922
19	5764386
19	5764437
19	5767071
19	5767097
19	5767234
19	5778022
19	5778122
19	5778219
19	5778344
19	5780226
19	5803191
19	5803777
19	5807730
19	5826277
19	5827150
19	5829347
19	5834015
19	5836285
19	5836628
19	5838856
19	5852119
19	5863908
19	5866121
19	5867925
19	5871855
19	5872830
19	5873150
19	5873724
19	5878152
19	5884114
19	5893346
19	5907624
19	5915247
19	5915403
19	5928725
19	5942207
19	5944715
19	5954944
19	5955056
19	5955148
19	5955170
19	6008054
19	6008061
19	6020920
19	6020921
19	6040913
19	6040930
19	6058070
19	6405240
19	6412760
19	6417511
19	6417797
19	6421339
19	6421354
19	6421897
19	6465164
19	6552563
19	7081537
19	8930958
19	8942658
19	8946985
19	8947118
19	8948848
19	8959676
19	8961673
19	8961679
19	8962285
19	8963311
19	8967854
19	8970292
19	8981076
19	8988662
19	8989019
19	8995592
19	9105505
19	9117625
19	9126144
19	9135545
19	9165717
19	9169633
19	9169674
19	9169684
19	9169690
19	9169735
19	9169763
19	9169789
19	9169814
19	9433031
19	9433115
19	9434488
19	9434753
19	9448068
19	9457881
19	9458933
19	9464833
19	9464837
19	9465326
19	9465598
19	9465688
19	9509723
19	9510322
19	9512093
19	9512102
19	9512154
19	9512184
19	9514305
19	9514351
19	9874154
19	9876922
19	9883155
19	9883870
19	9894044
19	9923648
19	9934049
19	9938413
19	9940004
19	9940063
19	9940832
19	9942944
19	9943070
19	9947422
19	9947459
19	9947550
19	9961589
19	9967013
19	9967111
19	9967157
19	9967272
19	9971246
19	9972627
19	9989570
19	9994493
19	9994554
19	9994574
19	10002249
19	10015401
19	10026674
19	10046421
19	10059938
19	10072623
19	10078755
19	10106493
19	10109100
19	10109302
19	10113539
19	10122090
19	10122252
19	10124127
19	10125062
19	10125999
19	10126055
19	10129310
19	10129336
19	10129763
19	10131068
19	10143367
19	10145735
19	10147216
19	10167434
19	10186901
19	10189870
19	10189877
19	10189993
19	10193179
19	10193188
19	10193431
19	10193462
19	10193477
19	10193529
19	10193652
19	10193660
19	10194098
19	10194766
19	10195978
19	10195982
19	10210262
19	10210944
19	10233648
19	10266399
19	10294710
19	10312810
19	10322254
19	10328362
19	10328377
19	10328381
19	10349284
19	10372640
19	10372683
19	10381493
19	10382480
19	10382481
19	10382501
19	10382534
19	10382538
19	10382620
19	10382674
19	10384379
19	10384393
19	10384881
19	10391977
19	10397416
19	10399677
19	10399678
19	10402173
19	10407566
19	10411226
19	10416241
19	10416305
19	10416851
19	10421639
19	10429673
19	10439103
19	10439160
19	10444292
19	10444392
19	10450426
19	10450449
19	10450483
19	10452422
19	10452435
19	10460056
19	10463652
19	10464697
19	10470341
19	10470439
19	10474426
19	10476445
19	10480929
19	10487453
19	10487480
19	10487524
19	10489665
19	10489913
19	10495790
19	10495884
19	10496296
19	10501306
19	10501389
19	10501429
19	10501431
19	10504702
19	10504728
19	10506575
19	10506590
19	10506596
19	10506679
19	10514468
19	10514990
19	10515012
19	10516195
19	10551738
19	10564333
19	10637012
19	10642143
19	10642403
19	10644821
19	10644941
19	10645943
19	10646011
19	10664240
19	10664617
19	11253286
19	11259609
19	11259690
19	11262984
19	11275326
19	11275371
19	11275436
19	11278636
19	11292444
19	11292680
19	11299293
19	11299300
19	11315957
19	11320246
19	11325383
19	11325445
19	11326108
19	11343887
19	11345363
19	11781355
19	13566946
19	13826314
19	13870403
19	13872354
19	13872360
19	13872656
19	13872743
19	13881336
19	13886150
19	13886187
19	13886679
19	14245672
19	14248356
19	14255796
19	14372726
19	14373068
19	14377832
19	14386856
19	14389576
19	14389587
19	14394410
19	14395540
19	14405956
19	14423159
19	14423773
19	14423774
19	14423790
19	14427202
19	14454076
19	14456387
19	14456391
19	14456430
19	14458047
19	14473932
19	14479727
19	14479795
19	14480748
19	14483245
19	14498538
19	14500191
19	14504960
19	14516117
19	14525067
19	14535334
19	14538860
19	14542016
19	14545183
19	14547661
19	14550168
19	14552147
19	14559421
19	14582279
19	14582293
19	14587543
19	14587547
19	14590886
19	14602890
19	14608397
19	14635704
19	14636532
19	14636944
19	14645094
19	14648726
19	14655473
19	14677241
19	14696267
19	14696491
19	14696585
19	14701453
19	14707827
19	14707835
19	14707857
19	14709951
19	14761522
19	14766228
19	14766373
19	14769203
19	14769239
19	14769287
19	14772319
19	14772842
19	14773887
19	14773912
19	14783885
19	14783923
19	14784276
19	14784774
19	14784820
19	14784898
19	14785005
19	14785046
19	14785151
19	14785767
19	14793001
19	14793113
19	14799929
19	14799942
19	14799983
19	14800017
19	14815303
19	14815324
19	14821463
19	14821670
19	14821695
19	14821705
19	14827139
19	14827148
19	14827161
19	14827258
19	14827262
19	14827312
19	14828936
19	15034012
19	15254257
19	15328492
19	15328525
19	15328539
19	15328563
19	15328686
19	15328688
19	15329324
19	15333864
19	15342396
19	15353316
19	15358210
19	15358273
19	15358279
19	15358345
19	15378018
19	15422752
19	15426892
19	15433306
19	15449294
19	15460627
19	15464549
19	15467554
19	15470986
19	15471116
19	15492351
19	15503382
19	15504428
19	15528117
19	15540370
19	15540384
19	15547047
19	15547082
19	15547114
19	15547124
19	15547195
19	15548441
19	15548615
19	15548646
19	15548674
19	15552937
19	15553194
19	15592741
19	15592824
19	15610688
19	15611067
19	15611096
19	15616491
19	15616576
19	15616663
19	15619489
19	15631251
19	15631921
19	15631960
19	15634846
19	15634883
19	15634884
19	15636971
19	15637038
19	15642232
19	15666186
19	15735774
19	15747828
19	15747834
19	15750529
19	15750530
19	15750744
19	15750773
19	15750781
19	15750803
19	15750810
19	15750817
19	15750893
19	15750956
19	15752338
19	15753853
19	15798305
19	15798349
19	15798459
19	15804702
19	15806685
19	15806739
19	15806764
19	15806831
19	15806833
19	15819458
19	15819478
19	15819844
19	15819896
19	15821961
19	15875661
19	15892306
19	15924099
19	15925782
19	15935861
19	15935868
19	15936562
19	15936563
19	15936573
19	15938623
19	15938630
19	15938675
19	15938856
19	15938859
19	16139614
19	16180346
19	16208072
19	16208116
19	16208205
19	16210488
19	16218541
19	16218750
19	16218755
19	16222506
19	16222640
19	16231806
19	16232617
19	16233320
19	16234623
19	16253165
19	16354136
19	16370665
19	16372592
19	16372675
19	16373526
19	16373750
19	16373853
19	16376111
19	16376244
19	16376416
19	16383313
19	16394773
19	16394885
19	16435578
19	16447933
19	16447939
19	16449695
19	16495563
19	16502087
19	16502150
19	16504462
19	16524096
19	16524142
19	16526695
19	16558145
19	16644126
19	16653057
19	16653450
19	16653451
19	16655634
19	16655636
19	16655651
19	16659429
19	16659481
19	16659528
19	16659547
19	16669677
19	16673549
19	16680929
19	16717134
19	16722994
19	16723069
19	16723096
19	16723103
19	16725438
19	16732113
19	16732257
19	16737133
19	16737211
19	16739722
19	16739831
19	16742743
19	16742825
19	16742826
19	16743669
19	16750833
19	16751319
19	16751332
19	16754640
19	16778056
19	16784102
19	16794173
19	16794269
19	16808845
19	16808885
19	16810401
19	16810467
19	16812279
19	16818697
19	16824628
19	16831419
19	16831568
19	16831575
19	16833031
19	16833046
19	16833059
19	16857745
19	16857791
19	16859234
19	16859248
19	16859432
19	16959849
19	16963509
19	16964297
19	16967302
19	16967913
19	16968000
19	16977278
19	16981943
19	16981973
19	16997690
19	17026043
19	17026486
19	17031489
19	17033726
19	17035426
19	17035470
19	17035477
19	17036216
19	17037166
19	17037169
19	17156355
19	17215330
19	17215331
19	17215346
19	17218215
19	17218267
19	17218279
19	17219687
19	17219701
19	17219738
19	17219751
19	17219845
19	17219884
19	17222484
19	17222916
19	17222926
19	17227112
19	17227118
19	17227167
19	17229287
19	17229389
19	17229472
19	17232175
19	17233735
19	17233744
19	17234556
19	17234684
19	17234692
19	17236772
19	17237215
19	17239576
19	17251525
19	17251536
19	17251554
19	17252770
19	17253970
19	17254006
19	17254015
19	17254022
19	17262894
19	17279653
19	17279692
19	17279740
19	17279749
19	17279766
19	17281411
19	17294171
19	17294623
19	17299734
19	17300045
19	17318776
19	17318805
19	17318831
19	17320695
19	17325038
19	17325067
19	17331086
19	17339331
19	17355769
19	17355773
19	17356471
19	17356481
19	17358783
19	17358801
19	17376326
19	17382819
19	17386885
19	17412044
19	17413396
19	17417771
19	17422765
19	17427755
19	17427761
19	17430264
19	17468986
19	17470212
19	17470374
19	17470901
19	17470922
19	17470940
19	17472444
19	17472458
19	17472511
19	17472539
19	17478215
19	17479832
19	17479833
19	17495146
19	17511451
19	17512503
19	17512535
19	17512651
19	17512657
19	17512666
19	17529961
19	17542547
19	17545368
19	17548476
19	17560042
19	17560059
19	17597673
19	17621269
19	17623862
19	17625784
19	17636434
19	17636445
19	17636790
19	17636982
19	17643646
19	17649275
19	17671763
19	17671905
19	17678500
19	17714893
19	17714930
19	17716313
19	17724701
19	17724742
19	17725014
19	17725030
19	17725203
19	17725487
19	17727021
19	17727084
19	17727558
19	17727660
19	17728399
19	17728401
19	17728414
19	17728429
19	17728433
19	17728526
19	17728545
19	17748471
19	17748476
19	17748685
19	17748753
19	17788255
19	17801172
19	17813839
19	17822792
19	17826683
19	17834087
19	17834301
19	17836868
19	17847831
19	17849582
19	17850107
19	17852229
19	17874419
19	17875371
19	17875536
19	17876139
19	17876192
19	17876560
19	17895846
19	17895962
19	17908760
19	17921916
19	17921959
19	17922668
19	17922669
19	17922731
19	17922767
19	17949612
19	17966811
19	17980730
19	17980732
19	17980852
19	17982036
19	17982135
19	17982157
19	17982206
19	17985374
19	17989309
19	17989372
19	17989429
19	17990524
19	17990817
19	17998390
19	18000584
19	18010267
19	18010343
19	18010506
19	18014564
19	18014678
19	18014778
19	18015772
19	18019316
19	18019416
19	18025051
19	18025134
19	18025368
19	18025390
19	18025499
19	18026704
19	18026738
19	18026795
19	18039420
19	18039725
19	18041606
19	18050915
19	18061137
19	18061231
19	18061248
19	18062433
19	18063927
19	18070036
19	18070044
19	18070081
19	18070102
19	18083509
19	18083905
19	18093765
19	18093830
19	18093841
19	18093944
19	18093982
19	18100638
19	18100703
19	18100845
19	18102246
19	18105447
19	18111466
19	18111470
19	18111482
19	18111683
19	18111691
19	18129783
19	18146366
19	18146491
19	18147239
19	18172211
19	18179397
19	18189472
19	18193474
19	18200177
19	18200225
19	18200227
19	18200282
19	18200324
19	18200340
19	18201017
19	18201094
19	18201184
19	18205487
19	18210024
19	18210119
19	18218548
19	18238298
19	18300294
19	18300323
19	18305646
19	18305891
19	18305948
19	18305973
19	18305981
19	18306001
19	18306026
19	18311804
19	18311822
19	18311831
19	18311887
19	18319811
19	18321690
19	18329121
19	18333449
19	18336373
19	18460843
19	18504542
19	18504557
19	18504561
19	18506604
19	18513727
19	18513753
19	18513754
19	18513776
19	18513866
19	18513870
19	18513877
19	18514121
19	18518835
19	18518979
19	18525319
19	18525320
19	18530946
19	18610512
19	18613670
19	18613697
19	18613823
19	18613922
19	18615129
19	18615183
19	18615194
19	18615234
19	18616378
19	18617113
19	18617227
19	18620510
19	18620589
19	18620697
19	18629308
19	18630791
19	18631034
19	18631065
19	18631092
19	18631101
19	18631106
19	18636817
19	18637508
19	18637546
19	18637582
19	18637583
19	18637827
19	18639139
19	18639321
19	18641703
19	18641764
19	18641797
19	18641803
19	18641808
19	18651357
19	18654075
19	18672111
19	18672559
19	18672629
19	18672630
19	18687100
19	18688164
19	18689527
19	18730919
19	18731403
19	18731421
19	18748238
19	18772763
19	18830498
19	18830505
19	18830618
19	18830656
19	18831139
19	18831262
19	18831384
19	18838270
19	18842866
19	18848038
19	18848171
19	18860877
19	18860894
19	18861072
19	18907857
19	18907878
19	18910089
19	18917360
19	18917365
19	18917535
19	18917592
19	18925398
19	18925473
19	18925508
19	18926994
19	18927044
19	18927869
19	18940057
19	18984061
19	19076988
19	19156357
19	19306053
19	19312218
19	19316230
19	19318120
19	19318212
19	19326448
19	19344939
19	19420063
19	19420224
19	19420286
19	19420476
19	19420487
19	19420489
19	19420497
19	19420562
19	19421110
19	19421167
19	19421375
19	19421407
19	19421410
19	19421797
19	19427045
19	19427143
19	19429848
19	19431626
19	19431628
19	19440951
19	19440974
19	19441031
19	19441175
19	19454161
19	19470778
19	19496753
19	19516981
19	19531595
19	19536069
19	19575358
19	19577588
19	19577589
19	19577606
19	19577727
19	19583123
19	19600764
19	19604486
19	19737771
19	20050411
19	20050465
19	20051344
19	20051492
19	20055915
19	20061567
19	20061601
19	20062145
19	20062148
19	20062206
19	20062246
19	20063344
19	20064038
19	20065632
19	20065676
19	20065685
19	20065690
19	20098037
19	20098066
19	20098094
19	20098136
19	20098143
19	20098234
19	20104958
19	20122797
19	20130519
19	20130763
19	20132667
19	20147963
19	20152834
19	20152857
19	20152962
19	20153277
19	20153292
19	20153304
19	20164746
19	20168515
19	20168545
19	20171023
19	20173604
19	20173640
19	20178947
19	20179142
19	20180635
19	20180752
19	20187516
19	20187880
19	20188052
19	20188379
19	20188944
19	20200713
19	20200763
19	20200852
19	20200877
19	20200892
19	20201188
19	20201296
19	20212423
19	20212432
19	20217389
19	20218845
19	20224831
19	20231443
19	20233842
19	20240347
19	20242360
19	20253951
19	20254435
19	20254476
19	20254514
19	20254529
19	20256523
19	20257222
19	20263015
19	20265692
19	20265859
19	20266659
19	20266661
19	20266734
19	20266782
19	20266836
19	20273022
19	20283248
19	20283298
19	20283302
19	20283371
19	20283566
19	20283584
19	20286403
19	20286454
19	20286473
19	20293262
19	20293330
19	20293604
19	20293642
19	20293956
19	20294641
19	20294749
19	20294858
19	20300353
19	20304335
19	20304336
19	20304358
19	20304364
19	20304395
19	20304404
19	20304409
19	20304629
19	20304630
19	20304777
19	20304818
19	20304840
19	20304863
19	20304874
19	20304901
19	20305008
19	20309103
19	20309336
19	20309339
19	20309364
19	20323750
19	20330687
19	20330710
19	20330857
19	20342107
19	20366036
19	20376540
19	20377070
19	20386818
19	20386829
19	20389456
19	20389521
19	20397577
19	20397645
19	20399051
19	20399296
19	20399336
19	20400991
19	20401053
19	20412983
19	20418422
19	20418531
19	20418555
19	20418567
19	20418571
19	20418753
19	20418971
19	20419203
19	20419220
19	20422137
19	20426279
19	20426389
19	20431081
19	20431086
19	20431109
19	20436882
19	20436968
19	20436977
19	20438620
19	20439667
19	20439698
19	20439806
19	20446502
19	20471676
19	20471683
19	20471688
19	20471721
19	20476389
19	20476454
19	20484910
19	20484969
19	20494206
19	20503059
19	20503075
19	20506368
19	20506436
19	20512759
19	20512767
19	20513996
19	20514154
19	20514192
19	20527485
19	20538366
19	20540184
19	20540220
19	20540234
19	20540260
19	20543519
19	20543677
19	20550152
19	20555698
19	20556574
19	20556586
19	20556652
19	20556659
19	20556663
19	20557681
19	20557692
19	20559371
19	20559422
19	20559449
19	20567080
19	20578419
19	20578560
19	20578602
19	20578627
19	20583737
19	20584483
19	20584588
19	20595883
19	20601819
19	20602011
19	20602097
19	20602112
19	20602154
19	20603169
19	20603276
19	20603342
19	20606173
19	20612013
19	20616457
19	20616458
19	20624792
19	20624807
19	20624813
19	20624844
19	20624858
19	20624859
19	20629024
19	20630600
19	20630715
19	20630721
19	20637006
19	20637013
19	20638120
19	20638165
19	20638171
19	20641580
19	20651982
19	20653186
19	20653454
19	20658372
19	20666120
19	20666200
19	20666225
19	20666229
19	20666504
19	20680581
19	20681720
19	20688057
19	20688073
19	20688074
19	20693981
19	20694007
19	20699844
19	20709516
19	20709556
19	20748588
19	20760087
19	20760914
19	20764296
19	20767643
19	20767765
19	20767784
19	20767798
19	20772563
19	20772578
19	20772662
19	20772666
19	20772692
19	20772708
19	20772751
19	20772781
19	20772789
19	20773645
19	20773712
19	20773781
19	20773826
19	20774235
19	20774271
19	20774530
19	20774538
19	20775474
19	20775633
19	20775639
19	20784050
19	20784056
19	20785004
19	20785030
19	20788081
19	20794424
19	20794463
19	20794481
19	20794499
19	20794515
19	20794540
19	20794989
19	20795022
19	20795032
19	20806930
19	20806980
19	20806982
19	20808950
19	20812268
19	20824062
19	20826793
19	20826796
19	20834497
19	20834554
19	20834631
19	20834715
19	20835455
19	20835469
19	20835505
19	20835513
19	20835596
19	20835629
19	20835668
19	20835674
19	20836673
19	20836836
19	20837208
19	20837224
19	20837267
19	20837365
19	20845906
19	20845914
19	20848221
19	20848287
19	20848352
19	20848355
19	20856506
19	20856563
19	20858062
19	20859720
19	20859829
19	20861304
19	20861582
19	20861588
19	20861811
19	20861821
19	20862873
19	20862945
19	20869346
19	20869456
19	20869471
19	20870312
19	20872602
19	20873746
19	20873825
19	20883962
19	20883975
19	20884081
19	20884530
19	20884609
19	20910687
19	20916342
19	20921214
19	20921909
19	20921998
19	20932273
19	20934607
19	20934690
19	20936058
19	20936186
19	20940126
19	20942122
19	20943255
19	20943259
19	20943664
19	20953796
19	20955684
19	20960904
19	20967663
19	20967668
19	20967742
19	20967772
19	20967840
19	20967865
19	20968492
19	20969025
19	20969074
19	20969085
19	20969126
19	20969127
19	20969164
19	20969165
19	20969184
19	20969187
19	20970286
19	20972894
19	20989511
19	20989649
19	20993003
19	20993721
19	20993754
19	21006835
19	21006890
19	21006923
19	21006924
19	21007035
19	21017205
19	21018324
19	21018387
19	21020108
19	21025296
19	21025668
19	21027209
19	21027221
19	21032109
19	21032110
19	21032237
19	21039615
19	21039662
19	21039744
19	21039994
19	21040901
19	21040908
19	21040998
19	21045166
19	21045394
19	21045482
19	21045483
19	21045501
19	21045610
19	21045627
19	21058054
19	21058086
19	21074953
19	21075003
19	21075004
19	21075050
19	21082795
19	21082843
19	21082854
19	21088811
19	21100718
19	21100739
19	21108087
19	21108090
19	21108132
19	21115994
19	21116062
19	21116103
19	21123769
19	21132182
19	21132187
19	21132211
19	21132303
19	21132304
19	21132345
19	21132520
19	21132525
19	21138394
19	21138935
19	21138955
19	21138966
19	21139033
19	21141367
19	21154496
19	21154505
19	21160882
19	21161043
19	21162863
19	21162904
19	21167379
19	21167380
19	21167451
19	21170930
19	21175164
19	21183400
19	21183651
19	21189396
19	21189415
19	21189416
19	21189519
19	21189563
19	21189702
19	21191238
19	21191267
19	21191332
19	21191344
19	21194382
19	21195747
19	21195772
19	21195826
19	21195894
19	21208304
19	21208366
19	21215681
19	21215765
19	21215772
19	21215776
19	21217028
19	21217183
19	21226840
19	21230666
19	21230710
19	21230989
19	21231119
19	21231134
19	21233368
19	21233555
19	21244599
19	21246399
19	21255567
19	21257911
19	21257946
19	21258052
19	21258076
19	21266648
19	21266907
19	21266972
19	21267070
19	21268461
19	21268462
19	21268550
19	21269029
19	21269044
19	21269063
19	21279101
19	21280146
19	21280194
19	21280282
19	21280286
19	21290246
19	21296098
19	21296249
19	21296258
19	21296322
19	21296397
19	21296525
19	21299255
19	21305518
19	21305568
19	21305955
19	21311131
19	21311144
19	21311189
19	21311209
19	21311243
19	21311324
19	21316137
19	21316139
19	21316234
19	21316268
19	21316305
19	21316368
19	21316401
19	21316408
19	21316432
19	21323814
19	21333698
19	21334985
19	21335000
19	21344782
19	21346645
19	21346722
19	21346723
19	21346875
19	21358115
19	21358152
19	21358222
19	21358256
19	21358339
19	21362674
19	21363786
19	21363792
19	21363960
19	21363965
19	21363991
19	21363992
19	21364048
19	21367504
19	21367548
19	21367703
19	21367724
19	21373362
19	21373372
19	21374327
19	21374436
19	21376628
19	21376633
19	21376768
19	21381372
19	21387955
19	21388013
19	21388024
19	21388093
19	21391094
19	21391098
19	21391127
19	21391134
19	21391255
19	21392075
19	21392092
19	21395548
19	21395646
19	21398358
19	21407108
19	21407815
19	21410258
19	21423793
19	21423806
19	21423822
19	21423885
19	21423926
19	21425112
19	21425196
19	21426503
19	21426645
19	21426842
19	21426867
19	21426891
19	21426896
19	21427388
19	21427679
19	21427800
19	21427805
19	21427851
19	21428151
19	21428338
19	21428343
19	21428435
19	21429151
19	21429542
19	21429559
19	21429601
19	21429788
19	21430203
19	21430361
19	21430412
19	21430432
19	21430493
19	21437018
19	21437044
19	21437046
19	21437114
19	21443803
19	21450685
19	21450769
19	21450777
19	21450793
19	21451057
19	21459307
19	21461420
19	21462911
19	21462917
19	21463271
19	21463905
19	21467793
19	21467882
19	21467967
19	21472509
19	21472526
19	21472724
19	21472877
19	21473223
19	21473441
19	21473459
19	21474283
19	21475780
19	21475807
19	21479355
19	21479368
19	21479455
19	21479457
19	21489430
19	21489431
19	21489458
19	21489550
19	21489579
19	21493890
19	21493894
19	21493978
19	21493992
19	21498391
19	21498438
19	21498443
19	21498493
19	21498597
19	21498626
19	21498669
19	21500638
19	21506640
19	21506678
19	21506939
19	21506976
19	21507014
19	21507034
19	21507044
19	21510072
19	21513396
19	21513610
19	21513732
19	21516932
19	21516962
19	21516971
19	21517070
19	21521114
19	21521234
19	21521275
19	21521310
19	21521335
19	21523032
19	21528381
19	21528459
19	21531912
19	21531913
19	21537023
19	21542361
19	21542421
19	21547221
19	21547259
19	21553278
19	21554978
19	21555754
19	21555976
19	21556031
19	21561814
19	21561838
19	21561873
19	21563087
19	21563156
19	21563188
19	21563237
19	21574198
19	21574202
19	21574325
19	21575782
19	21576300
19	21576374
19	21576619
19	21577802
19	21579999
19	21580869
19	21588453
19	21588462
19	21588470
19	21588527
19	21588528
19	21588741
19	21591024
19	21595521
19	21598274
19	21598360
19	21598361
19	21599047
19	21599142
19	21599186
19	21600246
19	21600289
19	21600696
19	21600718
19	21613951
19	21614039
19	21616580
19	21623896
19	21624078
19	21624150
19	21624589
19	21624716
19	21634544
19	21634680
19	21640403
19	21641119
19	21641160
19	21641166
19	21641219
19	21645339
19	21645860
19	21653078
19	21656743
19	21656779
19	21663981
19	21664126
19	21664191
19	21665128
19	21665324
19	21666239
19	21683884
19	21691061
19	21693525
19	21694615
19	21697884
19	21712214
19	21712359
19	21720435
19	21720471
19	21720481
19	21722921
19	21723145
19	21726865
19	21727229
19	21727318
19	21727391
19	21727400
19	21727408
19	21727443
19	21727455
19	21727561
19	21727724
19	21730532
19	21731633
19	21734091
19	21734246
19	21734270
19	21736477
19	21736749
19	21737528
19	21737626
19	21737660
19	21738413
19	21751623
19	21755400
19	21756410
19	21756432
19	21756438
19	21756691
19	21756754
19	21761089
19	21761128
19	21761129
19	21762416
19	21762420
19	21763779
19	21767021
19	21768870
19	21769045
19	21772501
19	21777562
19	21778146
19	21780291
19	21780638
19	21780788
19	21780850
19	21780922
19	21781005
19	21781019
19	21783398
19	21783825
19	21783849
19	21784924
19	21785011
19	21785049
19	21785061
19	21785680
19	21785699
19	21785791
19	21787034
19	21787149
19	21789141
19	21789437
19	21792039
19	21792228
19	21794683
19	21794714
19	21794884
19	21796529
19	21796590
19	21798162
19	21798240
19	21798249
19	21798450
19	21798493
19	21798494
19	21798541
19	21798600
19	21798616
19	21798655
19	21799179
19	21799961
19	21800424
19	21800490
19	21803686
19	21803700
19	21803806
19	21803853
19	21803859
19	21804356
19	21804420
19	21804582
19	21809077
19	21809114
19	21809258
19	21810167
19	21812144
19	21812155
19	21812258
19	21812298
19	21812378
19	21812439
19	21812594
19	21814790
19	21814806
19	21814888
19	21815750
19	21815764
19	21822785
19	21822869
19	21824172
19	21841557
19	21851795
19	21852236
19	21852273
19	21852296
19	21853195
19	21853207
19	21854391
19	21855921
19	21856658
19	21857059
19	21857128
19	21857704
19	21857707
19	21857735
19	21857767
19	21857774
19	21858447
19	21858524
19	21858593
19	21858680
19	21863905
19	21863933
19	21865385
19	21865395
19	21865552
19	21866602
19	21871470
19	21871502
19	21871524
19	21871531
19	21871547
19	21871551
19	21872272
19	21872453
19	21872461
19	21872547
19	21873459
19	21873467
19	21873633
19	21873856
19	21880097
19	21880130
19	21880765
19	21880779
19	21889740
19	21889898
19	21895163
19	21895174
19	21895779
19	21899368
19	21899486
19	21899525
19	21899550
19	21899607
19	21910494
19	21910547
19	21913220
19	21936258
19	21938932
19	21938939
19	21938969
19	21938981
19	21939011
19	21939034
19	21939097
19	21942511
19	21943621
19	21943739
19	21973568
19	21983034
19	21983038
19	21983086
19	21983361
19	21989296
19	21990729
19	21991792
19	21991843
19	21991847
19	21991883
19	21991890
19	21994744
19	22001444
19	22001598
19	22001632
19	22001646
19	22011345
19	22011418
19	22011428
19	22014297
19	22014333
19	22015732
19	22015843
19	22019909
19	22020464
19	22027051
19	22027072
19	22036067
19	22036923
19	22040902
19	22041133
19	22045131
19	22046330
19	22046390
19	22046413
19	22047246
19	22047271
19	22047287
19	22047330
19	22048046
19	22049493
19	22049507
19	22049947
19	22057517
19	22061158
19	22061775
19	22061859
19	22063616
19	22065925
19	22070270
19	22070939
19	22073618
19	22073785
19	22073803
19	22073815
19	22076379
19	22076406
19	22076428
19	22093870
19	22094534
19	22094564
19	22101711
19	22101717
19	22101840
19	22103142
19	22103144
19	22103211
19	22103270
19	22104278
19	22104295
19	22104312
19	22104351
19	22110724
19	22110790
19	22113626
19	22113628
19	22113687
19	22113713
19	22113718
19	22114431
19	22114449
19	22114483
19	22114505
19	22115861
19	22115869
19	22115946
19	22115976
19	22116158
19	22116200
19	22116270
19	22118052
19	22118059
19	22118136
19	22119103
19	22122440
19	22122441
19	22123334
19	22124812
19	22124844
19	22132608
19	22132730
19	22132818
19	22134583
19	22144019
19	22145276
19	22162471
19	22184683
19	22269678
19	22270222
19	22270748
19	22288331
19	22288332
19	22304929
19	22305023
19	22305032
19	22306885
19	22306894
19	22307189
19	22307191
19	22307217
19	22307222
19	22307971
19	22325033
19	22325078
19	22325083
19	22325112
19	22328652
19	22328667
19	22328674
19	22328702
19	22328726
19	22332187
19	22335908
19	22335911
19	22359553
19	22359562
19	22388965
19	22388977
19	22389044
19	22398310
19	22413532
19	22422495
19	22462163
19	22511561
19	22511562
19	22555901
19	22569639
19	22576712
19	22576713
19	22576755
19	22622340
19	22622348
19	22622369
19	22622421
19	22624639
19	22624648
19	22624839
19	22627123
19	22634544
19	22634556
19	22634567
19	22638017
19	22639373
19	22639388
19	22639431
19	22639458
19	22639548
19	22639653
19	22639699
19	22639728
19	22639774
19	22641700
19	22641734
19	22642081
19	22642152
19	22642215
19	22642217
19	22642267
19	22656648
19	22667770
19	22667820
19	22667821
19	22667865
19	22676950
19	22693172
19	22693215
19	22693254
19	22693312
19	22693323
19	22696663
19	22701328
19	22712877
19	22712897
19	22712904
19	22729639
19	22733926
19	22748562
19	22748563
19	22748608
19	22748727
19	22748819
19	22748826
19	22748925
19	22773436
19	22773491
19	22773571
19	22779354
19	22779375
19	22779760
19	22781542
19	22788699
19	22788704
19	22790800
19	22793070
19	22794491
19	22797104
19	22797121
19	22798528
19	22798678
19	22798726
19	22798741
19	22798742
19	22798822
19	22798996
19	22799129
19	22801693
19	22804552
19	22805686
19	22808552
19	22808573
19	22808630
19	22808646
19	22808673
19	22812000
19	22812014
19	22812024
19	22812119
19	22813277
19	22813337
19	22816674
19	22816675
19	22816886
19	22816889
19	22820164
19	22821218
19	22821250
19	22821376
19	22821535
19	22825602
19	22825628
19	22825639
19	22847388
19	22847554
19	22847625
19	22849289
19	22850680
19	22859273
19	22864555
19	22868268
19	22868269
19	22872068
19	22873635
19	22873725
19	22876536
19	22876579
19	22876811
19	22876859
19	22876893
19	22878354
19	22878365
19	22878561
19	22879522
19	22879531
19	22879630
19	22881749
19	22881761
19	22882420
19	22886795
19	22886990
19	22887051
19	22887408
19	22887474
19	22887499
19	22887688
19	22887709
19	22887773
19	22887800
19	22888911
19	22888926
19	22890395
19	22890453
19	22890599
19	22895684
19	22895696
19	22901216
19	22905696
19	22905699
19	22907386
19	22910763
19	22910860
19	22910887
19	22911000
19	22911002
19	22911078
19	22911154
19	22913166
19	22913224
19	22913378
19	22913454
19	22913497
19	22913517
19	22914282
19	22914320
19	22914387
19	22918396
19	22918589
19	22918599
19	22918890
19	22918910
19	22918924
19	22922911
19	22923931
19	22923973
19	22923983
19	22923998
19	22923999
19	22932744
19	22932768
19	22934980
19	22935476
19	22940469
19	22940548
19	22940634
19	22957846
19	22958086
19	22958189
19	22958911
19	22960137
19	22960672
19	22972414
19	22972416
19	22972461
19	22972607
19	22976724
19	22978852
19	22979299
19	22979410
19	22979471
19	22983778
19	23003393
19	23003427
19	23003428
19	23003816
19	23003832
19	23004028
19	23004039
19	23004339
19	23009394
19	23013015
19	23013032
19	23013168
19	23014018
19	23014132
19	23015130
19	23020991
19	23024899
19	23025035
19	23025050
19	23025066
19	23025084
19	23025113
19	23034525
19	23034729
19	23035054
19	23035070
19	23036643
19	23036693
19	23036724
19	23037103
19	23038571
19	23040116
19	23040156
19	23040157
19	23044169
19	23044454
19	23044477
19	23048625
19	23050234
19	23050294
19	23052095
19	23054531
19	23057671
19	23057811
19	23057900
19	23057923
19	23057924
19	23061774
19	23065272
19	23065388
19	23068685
19	23073873
19	23073889
19	23075484
19	23075519
19	23075561
19	23075613
19	23075615
19	23097626
19	23097793
19	23115943
19	23124256
19	23125636
19	23125652
19	23126244
19	23130041
19	23133228
19	23133236
19	23134790
19	23135405
19	23135512
19	23135580
19	23144593
19	23144627
19	23146731
19	23146861
19	23146966
19	23147571
19	23148505
19	23151513
19	23153556
19	23160041
19	23160163
19	23160167
19	23160173
19	23161734
19	23162527
19	23162583
19	23162638
19	23162690
19	23163493
19	23163512
19	23163520
19	23166232
19	23173905
19	23176717
19	23177018
19	23178642
19	23178689
19	23180365
19	23180395
19	23180413
19	23183627
19	23192256
19	23194600
19	23198662
19	23198738
19	23198749
19	23198814
19	23198831
19	23199857
19	23199864
19	23201836
19	23202290
19	23213969
19	23229306
19	23255978
19	23256238
19	23256239
19	23267994
19	23268769
19	23272511
19	23274890
19	23274953
19	23278567
19	23282004
19	23282105
19	23282116
19	23282161
19	23282194
19	23282263
19	23286868
19	23292456
19	23292518
19	23292522
19	23294312
19	23299988
19	23300085
19	23302132
19	23302138
19	23311498
19	23311507
19	23311509
19	23311790
19	23311799
19	23311837
19	23311843
19	23312089
19	23312144
19	23317713
19	23317907
19	23317946
19	23318124
19	23324515
19	23325424
19	23325551
19	23329219
19	23339666
19	23339852
19	23341062
19	23341400
19	23341423
19	23341594
19	23341613
19	23341757
19	23343641
19	23343706
19	23343717
19	23354347
19	23354840
19	23354843
19	23354865
19	23354880
19	23354909
19	23354928
19	23354932
19	23356453
19	23356503
19	23360506
19	23360507
19	23360512
19	23360560
19	23360605
19	23360762
19	23361432
19	23361538
19	23363138
19	23366670
19	23367597
19	23367604
19	23367716
19	23367765
19	23370512
19	23371308
19	23371310
19	23371360
19	23371854
19	23371859
19	23373607
19	23373707
19	23376435
19	23384560
19	23384598
19	23384614
19	23384640
19	23384657
19	23384690
19	23384782
19	23394824
19	23405119
19	23405195
19	23405211
19	23405295
19	23406709
19	23410027
19	23410512
19	23410606
19	23410618
19	23411242
19	23411296
19	23415879
19	23415961
19	23415998
19	23416008
19	23416013
19	23416081
19	23418360
19	23418443
19	23421011
19	23425543
19	23425656
19	23436075
19	23436092
19	23436098
19	23436165
19	23440160
19	23443577
19	23443589
19	23443709
19	23447222
19	23447240
19	23447243
19	23447291
19	23447404
19	23447521
19	23448079
19	23448314
19	23449476
19	23449498
19	23449712
19	23449737
19	23451303
19	23452115
19	23452175
19	23452732
19	23457714
19	23467007
19	23468003
19	23469907
19	23469908
19	23469923
19	23485240
19	23485241
19	23485438
19	23491728
19	23491767
19	23491779
19	23491855
19	23492026
19	23492601
19	23492602
19	23492615
19	23492749
19	23492867
19	23492890
19	23494296
19	23494335
19	23497318
19	23497327
19	23499668
19	23499693
19	23501619
19	23507127
19	23508984
19	23509001
19	23509019
19	23517901
19	23517903
19	23517939
19	23518067
19	23518334
19	23518438
19	23524262
19	23524276
19	23524519
19	23525548
19	23527614
19	23538754
19	23542423
19	23543743
19	23546287
19	23557662
19	23557700
19	23557708
19	23563715
19	23564598
19	23564600
19	23564614
19	23564729
19	23567485
19	23567557
19	23567907
19	23567967
19	23567969
19	23568114
19	23580089
19	23580178
19	23580187
19	23584514
19	23584518
19	23593606
19	23593645
19	23593649
19	23606788
19	23614535
19	23627989
19	23633441
19	23633442
19	23633454
19	23633511
19	23635325
19	23643392
19	23643589
19	23643903
19	23643961
19	23644969
19	23646164
19	23646210
19	23646258
19	23650372
19	23651377
19	23651477
19	23651496
19	23657665
19	23657697
19	23659200
19	23659215
19	23659218
19	23660081
19	23660449
19	23668224
19	23668292
19	23668296
19	23673083
19	23673102
19	23673268
19	23677025
19	23679757
19	23679814
19	23685378
19	23688904
19	23689069
19	23689087
19	23689243
19	23696049
19	23696071
19	23698467
19	23698933
19	23700059
19	23702095
19	23708158
19	23708191
19	23708698
19	23708789
19	23709294
19	23709328
19	23709368
19	23710063
19	23710210
19	23718202
19	23719130
19	23719163
19	23720046
19	23720137
19	23724135
19	23728319
19	23728374
19	23746512
19	23761514
19	23761637
19	23761664
19	23761668
19	23762941
19	23762942
19	23763645
19	23763676
19	23763825
19	23763854
19	23764261
19	23764555
19	23765404
19	23767618
19	23767657
19	23775419
19	23776902
19	23776907
19	23776923
19	23794837
19	23808182
19	23808252
19	23808435
19	23808436
19	23818784
19	23818816
19	23822587
19	23822805
19	23822832
19	23822833
19	23822851
19	23827570
19	23828444
19	23828472
19	23830751
19	23834401
19	23841301
19	23841423
19	23841443
19	23842096
19	23842875
19	23846932
19	23847198
19	23848811
19	23852672
19	23853684
19	23859512
19	23859628
19	23862211
19	23862353
19	23862395
19	23862406
19	23862887
19	23862933
19	23864274
19	23864303
19	23866957
19	23868244
19	23869317
19	23869319
19	23869385
19	23871992
19	23873370
19	23888721
19	23912899
19	23918758
19	23919108
19	23919271
19	23919282
19	23919298
19	23969461
19	23987668
19	23990813
19	24000847
19	24000848
19	24020150
19	24021797
19	24050817
19	24052039
19	24053410
19	24053624
19	24061138
19	24087663
19	24087744
19	24092073
19	24095327
19	24097031
19	24097567
19	24099936
19	24116346
19	24116387
19	24116439
19	24253275
19	24268062
19	24284285
19	24285171
19	24285180
19	24285476
19	24290930
19	24291381
19	24291427
19	24297986
19	24297987
19	24298076
19	24299312
19	24300893
19	24303472
19	24304179
19	24307685
19	24308201
19	24308242
19	24308298
19	24317949
19	24317973
19	24319293
19	24321225
19	24322271
19	24322280
19	24322387
19	24338634
19	24338650
19	24338670
19	24338743
19	24339169
19	24339180
19	24339181
19	24341826
19	24341828
19	24343631
19	24343673
19	24343676
19	24343756
19	24343758
19	24343785
19	24344673
19	24344714
19	24344723
19	24354021
19	24354066
19	24354188
19	24359003
19	24359058
19	24359080
19	24359114
19	24359131
19	24359389
19	24359499
19	24359529
19	24359530
19	24359542
19	24359958
19	24360011
19	24373698
19	24380439
19	24380528
19	24381814
19	24383419
19	24383584
19	24384400
19	24387445
19	24387500
19	24387501
19	24387529
19	24395071
19	24397081
19	24402069
19	24403829
19	24416658
19	24443976
19	24459538
19	24459588
19	24461622
19	24461680
19	24465877
19	24467651
19	24467723
19	24467725
19	24467825
19	24484824
19	24484839
19	24486182
19	24486349
19	24486386
19	24486432
19	24486441
19	24486804
19	24486864
19	24487015
19	24487045
19	24487101
19	24487113
19	24487971
19	24489694
19	24489748
19	24489801
19	24489834
19	24489873
19	24500512
19	24500554
19	24505060
19	24505064
19	24513211
19	24513275
19	24513331
19	24518987
19	24519101
19	24524357
19	24528511
19	24532586
19	24532994
19	24533045
19	24556299
19	24558993
19	24568038
19	24571863
19	24599360
19	24608949
19	24609956
19	24611336
19	24618818
19	24622595
19	24624018
19	24765324
19	24765845
19	24769339
19	24776308
19	24785299
19	24795246
19	24795617
19	24795620
19	24795806
19	24795809
19	24798947
19	24798996
19	24799052
19	24799385
19	24799617
19	24799673
19	24800295
19	24800370
19	24800415
19	24800805
19	24800857
19	24805227
19	24805239
19	24814326
19	24814537
19	24835806
19	24835822
19	24839456
19	24845919
19	24853880
19	24854940
19	24857458
19	24872073
19	24885380
19	24885381
19	24888861
19	24888862
19	24888882
19	24888888
19	24889383
19	24889390
19	24899724
19	24911390
19	24911528
19	24911900
19	24912132
19	24924315
19	24925047
19	24934119
19	24964593
19	24967068
19	24967074
19	24969444
19	24973548
19	24973550
19	24983950
19	25012494
19	25012611
19	25013148
19	25013196
19	25013787
19	25013833
19	25013886
19	25023554
19	25041409
19	25053841
19	25053898
19	25053930
19	25085981
19	25086004
19	25089042
19	25089092
19	25089770
19	25100782
19	25120764
19	25131980
19	25132073
19	25135354
19	25135364
19	25135504
19	25139964
19	25139965
19	25140055
19	25145754
19	25150355
19	25150429
19	25151318
19	25151340
19	25151355
19	25151369
19	25151420
19	25151533
19	25151561
19	25154065
19	25154100
19	25154435
19	25166641
19	25166690
19	25175203
19	25175276
19	25175335
19	25186400
19	25192182
19	25197224
19	25197668
19	25221638
19	25222278
19	25236799
19	25236833
19	25253434
19	25253447
19	25253525
19	25253529
19	25253565
19	25253692
19	25253737
19	25253778
19	25253842
19	25253946
19	25253986
19	25264602
19	25266360
19	25266428
19	25266470
19	25266479
19	25266853
19	25268760
19	25298743
19	25298775
19	25298776
19	25298848
19	25298876
19	25301061
19	25301105
19	25311356
19	25311381
19	25311483
19	25311545
19	25311548
19	25311565
19	25311607
19	25323267
19	25326900
19	25329625
19	25330846
19	25330901
19	25330936
19	25330937
19	25330986
19	25330995
19	25331071
19	25333977
19	25333978
19	25334006
19	25334981
19	25344592
19	25349839
19	25349892
19	25351464
19	25351623
19	25351973
19	25351999
19	25352095
19	25358713
19	25358747
19	25359143
19	25359220
19	25377170
19	25378087
19	25378150
19	25378445
19	25378549
19	25379394
19	25383668
19	25383715
19	25385103
19	25386015
19	25386164
19	25386713
19	25387479
19	25387527
19	25392311
19	25392314
19	25392350
19	25392413
19	25392458
19	25397059
19	25397291
19	25397294
19	25398397
19	25398460
19	25398528
19	25398751
19	25398757
19	25400266
19	25400372
19	25400415
19	25400573
19	25401182
19	25401200
19	25401201
19	25410245
19	25429598
19	25438326
19	25447588
19	25448590
19	25448600
19	25448737
19	25458209
19	25459606
19	25459623
19	25459638
19	25459695
19	25466335
19	25466545
19	25473075
19	25476846
19	25477281
19	25477719
19	25478749
19	25478861
19	25480132
19	25480306
19	25509563
19	25529704
19	25533861
19	25533919
19	25535263
19	25535321
19	25535727
19	25535806
19	25535874
19	25535902
19	25541889
19	25542550
19	25546666
19	25580546
19	25586288
19	25589185
19	25589232
19	25589292
19	25589295
19	25630962
19	25632984
19	25633109
19	25633265
19	25640197
19	25640234
19	25640297
19	25640317
19	25640322
19	25641172
19	25642952
19	25643076
19	25644931
19	25644937
19	25644974
19	25646899
19	25646900
19	25647025
19	25647085
19	25647120
19	25647170
19	25647316
19	25652195
19	25653612
19	25655946
19	25659513
19	25660766
19	25660976
19	25661169
19	25664268
19	25664292
19	25664665
19	25665456
19	25667258
19	25672255
19	25672629
19	25672649
19	25674730
19	25674745
19	25674924
19	25674937
19	25676037
19	25676075
19	25676092
19	25676171
19	25676183
19	25705102
19	25705123
19	25753638
19	25762864
19	25776564
19	25791552
19	25791722
19	25840216
19	25840485
19	25848211
19	25848261
19	25912279
19	25924323
19	25924333
19	25931758
19	25931828
19	25931829
19	25936267
19	26035836
19	26035963
19	26037485
19	26055196
19	26093380
19	26103784
19	26117854
19	26127914
19	26190933
19	26194393
19	26194416
19	26194910
19	26216453
19	26216507
19	26216510
19	26216543
19	26216621
19	26224789
19	26235968
19	26235970
19	26235995
19	26236001
19	26236327
19	26244343
19	26248353
19	26253764
19	26254047
19	26325163
19	26325227
19	26325246
19	26328500
19	26342557
19	26344341
19	26362010
19	26362176
19	26364305
19	26368438
19	26368806
19	26368807
19	26375945
19	26379843
19	26379853
19	26381269
19	26387320
19	26387321
19	26388199
19	26388242
19	26388274
19	26388328
19	26389437
19	26389453
19	26399763
19	26399848
19	26418649
19	26423844
19	26423921
19	26423927
19	26424082
19	26433228
19	26433239
19	26436382
19	26444974
19	26444975
19	26444993
19	26445040
19	26456467
19	26595670
19	26606945
19	26611609
19	26621224
19	26631582
19	26631630
19	26634764
19	26636418
19	26636479
19	26636492
19	26636547
19	26636598
19	26645121
19	26654756
19	26654758
19	26657057
19	26676059
19	26676087
19	26692840
19	26759144
19	26759719
19	26779268
19	26787595
19	26912906
19	26912972
19	26912985
19	26913052
19	26913085
19	26920902
19	26936284
19	26936295
19	26937578
19	26939248
19	26942260
19	26942473
19	26943593
19	26944222
19	26944270
19	26947026
19	26947030
19	26973263
19	26973269
19	26973317
19	26981017
19	26990311
19	26990579
19	26990607
19	26999062
19	26999064
19	26999084
19	27037177
19	27037203
19	27037284
19	27040336
19	27064936
19	27126687
19	27126693
19	27133915
19	27133931
19	27137466
19	27146120
19	27146126
19	27146220
19	27191928
19	27192237
19	27194289
19	27194400
19	27194430
19	27194514
19	27199780
19	27199782
19	27199812
19	27199835
19	27199836
19	27232286
19	27237192
19	27270815
19	27313169
19	27313234
19	27313316
19	27313357
19	27328772
19	27333112
19	27338801
19	27345948
19	27345986
19	27346531
19	27505168
19	27511491
19	27515768
19	27515892
19	27521983
19	27545799
19	27554396
19	27567966
19	27571499
19	27574378
19	27580986
19	27581688
19	27597466
19	27612160
19	27612231
19	27612278
19	27613226
19	27613265
19	27613266
19	27613310
19	27613333
19	27666337
19	27666748
19	27689560
19	27689563
19	27689685
19	27689897
19	27689899
19	27689971
19	27690004
19	27691462
19	27691508
19	27691590
19	27691623
19	27691713
19	27694479
19	27694535
19	27702575
19	27703327
19	27708916
19	27708924
19	27779693
19	27780038
19	27992610
19	28018626
19	28018677
19	28023744
19	28510207
19	28511083
19	28511181
19	28515805
19	28521323
19	28521356
19	28530920
19	28531368
19	28531447
19	28555451
19	28556524
19	28556573
19	28561563
19	28566573
19	28569519
19	28570029
19	28570109
19	28573869
19	28606396
19	28606433
19	28607648
19	28607671
19	28609649
19	28610131
19	28610138
19	28613789
19	28613792
19	28623242
19	28626364
19	28667204
19	28667224
19	28679516
19	28683825
19	28687100
19	28689931
19	28689953
19	28689971
19	28692830
19	28692925
19	28692946
19	28708841
19	28783216
19	28786199
19	28786201
19	28798174
19	28798456
19	28800594
19	28803435
19	28803456
19	28805441
19	28805445
19	28805469
19	28805470
19	28812641
19	28812656
19	28812684
19	28812714
19	28829366
19	28835073
19	28838678
19	28838693
19	28838707
19	28839545
19	28839656
19	28839657
19	28839676
19	28866631
19	28879358
19	28882384
19	28882484
19	28885555
19	28885772
19	28886143
19	28886147
19	28886439
19	28886540
19	28886567
19	28889408
19	28889490
19	28895089
19	28895139
19	28895140
19	28895167
19	28895250
19	28895468
19	28895484
19	28902866
19	28903555
19	28903563
19	28903572
19	28903655
19	28904660
19	28904800
19	28904860
19	29061109
19	29066881
19	29066974
19	29067003
19	29092359
19	29102441
19	29109706
19	29117855
19	29135621
19	29135656
19	29137116
19	29140057
19	29140094
19	29151551
19	29152996
19	29153059
19	29164095
19	29175806
19	29175849
19	29175896
19	29175900
19	29175952
19	29175968
19	29175976
19	29176014
19	29183553
19	29183580
19	29183590
19	29186409
19	29186467
19	29192540
19	29210616
19	29212434
19	29232568
19	29237195
19	29253492
19	29267268
19	29270380
19	29270388
19	29270476
19	29271273
19	29274912
19	29275089
19	29285889
19	29290082
19	29292644
19	29327420
19	29328229
19	29330365
19	29367421
19	29373850
19	29409727
19	29959981
19	29976849
19	29977318
19	29979741
19	29979979
19	29980092
19	29983311
19	29983556
19	29984251
19	29984371
19	29984440
19	29984919
19	29984978
19	29985009
19	29985012
19	29990249
19	29990291
19	29990293
19	30008227
19	30008679
19	30008796
19	30008854
19	30027400
19	30051927
19	30078955
19	30106301
19	30142762
19	30142816
19	30142823
19	30142845
19	30142859
19	30142993
19	30145415
19	30147952
19	30157758
19	30157779
19	30157844
19	30162835
19	30162844
19	30162913
19	30165854
19	30166252
19	30173992
19	30179210
19	30179344
19	30181762
19	30181811
19	30181821
19	30181872
19	30185529
19	30208380
19	30216229
19	30216230
19	30216363
19	30233621
19	30233642
19	30233645
19	30233854
19	30233987
19	30234024
19	30234130
19	30238851
19	30238903
19	30243278
19	30243303
19	30243322
19	30243354
19	30244865
19	30246109
19	30246688
19	30246805
19	30255398
19	30255618
19	30264920
19	30278258
19	30283315
19	30284480
19	30284502
19	30284507
19	30284580
19	30286138
19	30288532
19	30291182
19	30291261
19	30292971
19	30298003
19	30310696
19	30316852
19	30355805
19	30464026
19	30491248
19	30492086
19	30521752
19	30521864
19	30526435
19	30526441
19	30526447
19	30526548
19	30531674
19	30531731
19	30531746
19	30531798
19	30531921
19	30541380
19	30541397
19	30541782
19	30549337
19	32051832
19	32051835
19	32135670
19	32135690
19	32141345
19	32162573
19	32196964
19	32197392
19	32199529
19	32199533
19	32199658
19	32212105
19	32212203
19	32231430
19	32238007
19	32242837
19	32276442
19	32276591
19	32276867
19	32280697
19	32290987
19	32324323
19	32327672
19	32331276
19	32344229
19	32345460
19	32350367
19	32350581
19	32351909
19	32356166
19	32361264
19	32361304
19	32361334
19	32362032
19	32362051
19	32362063
19	32362201
19	32362489
19	32362513
19	32362530
19	32362586
19	32362617
19	32362623
19	32363369
19	32363371
19	32364583
19	32366543
19	32366658
19	32366689
19	32366695
19	32367036
19	32367109
19	32380125
19	32388998
19	32389232
19	32718464
19	32718978
19	32790102
19	32798720
19	32807758
19	32807788
19	32807896
19	32826482
19	32828823
19	32846850
19	32869806
19	32870006
19	32870130
19	32898279
19	32938523
19	32942849
19	32942932
19	32957464
19	32958300
19	32964897
19	32966469
19	32975667
19	32975938
19	33035782
19	33037283
19	33087693
19	33087726
19	33103684
19	33113991
19	33141422
19	33148930
19	33168540
19	33228679
19	33230602
19	33251507
19	33358966
19	33384705
19	33384800
19	33385459
19	33385623
19	33385719
19	33386869
19	34265705
19	34265706
19	34268261
19	34268296
19	34269891
19	34269957
19	34270193
19	34270291
19	34282924
19	34291343
19	34291478
19	34292500
19	34292767
19	34298301
19	34309805
19	34317876
19	34317940
19	34318614
19	34336331
19	34336339
19	34336618
19	34337074
19	34338078
19	34338159
19	34338275
19	34358107
19	34358254
19	34363173
19	34367501
19	34369155
19	34372055
19	34372110
19	34372791
19	34372895
19	34373181
19	34373308
19	34374946
19	34375162
19	34385958
19	34385963
19	34393419
19	34396070
19	34397383
19	34399775
19	34405348
19	34405616
19	34405817
19	34419160
19	34419480
19	34419488
19	34420790
19	34420856
19	34420910
19	34420919
19	34420973
19	34469577
19	34469597
19	34469624
19	34473349
19	34473352
19	34474191
19	34479368
19	34479466
19	34479483
19	34479816
19	34489647
19	34496492
19	34496615
19	34497097
19	34500388
19	34500521
19	34500617
19	34500633
19	34503149
19	34503479
19	34509236
19	34509334
19	34509346
19	34513740
19	34514547
19	34514605
19	34521047
19	34524011
19	34532602
19	34532860
19	34534091
19	34559211
19	34563225
19	34565384
19	34565592
19	34570303
19	34654046
19	34654049
19	34654108
19	34674836
19	34674854
19	34674923
19	34675045
19	34685033
19	34685355
19	34685357
19	34685370
19	34706418
19	34713005
19	34721977
19	34724783
19	34724784
19	34727818
19	34742801
19	34753558
19	34754256
19	34756228
19	34760323
19	34760409
19	34771068
19	34773717
19	34775054
19	34775128
19	34856306
19	34856415
19	34856441
19	34856446
19	34857148
19	34857202
19	34866980
19	34933023
19	34962773
19	34977002
19	34978293
19	34986290
19	34986416
19	35001538
19	35004112
19	35005772
19	35005842
19	35009847
19	35021663
19	35021686
19	35024425
19	35081132
19	35091921
19	35091935
19	35092958
19	35093060
19	35093201
19	35093231
19	35114476
19	35116610
19	35362297
19	35364378
19	35369780
19	35404980
19	35404982
19	35439048
19	35457799
19	35457876
19	35458855
19	35470268
19	35470305
19	35473548
19	35540165
19	35541209
19	35549545
19	35561986
19	35562680
19	35562773
19	35571976
19	35572017
19	35572128
19	35633057
19	35659604
19	35704609
19	35705109
19	35722924
19	35743132
19	35749748
19	35751015
19	35751209
19	35756161
19	35759286
19	35759364
19	35759453
19	35759456
19	35768563
19	35768689
19	35780152
19	35780173
19	35787304
19	35787317
19	35787368
19	35787378
19	35819194
19	35972219
19	35972360
19	35972382
19	36013435
19	36050310
19	36065866
19	36083883
19	36083956
19	36091375
19	36091383
19	36091397
19	36092946
19	36120397
19	36124816
19	36124886
19	36127782
19	36127795
19	36130336
19	36131471
19	36131548
19	36812161
19	36814773
19	37098625
19	37575041
19	37575152
19	37575164
19	37575455
19	37575499
19	37575542
19	37575546
19	37586297
19	37629217
19	37640270
19	37834803
19	37834805
19	37834829
19	37834832
19	38000981
19	38027883
19	38047834
19	38109167
19	38153615
19	38424780
19	38424857
19	38429994
19	38430003
19	38430181
19	38430256
19	38443460
19	38443549
19	38443550
19	38446260
19	38446271
19	38447066
19	38608949
19	38608951
19	38654171
19	38784241
19	38784359
19	38846578
19	38994714
19	38995544
19	38996376
19	39367921
19	39713217
19	39716695
19	39723335
19	39745156
19	40004653
19	40008804
19	40012659
19	40034435
19	40100485
19	40191364
19	40207256
19	40207269
19	40207408
19	40218016
19	40218082
19	40235518
19	40235611
19	40237124
19	40242421
19	40242477
19	40257446
19	40355136
19	40376740
19	40534005
19	40557829
19	40557849
19	40557850
19	40557862
19	40557876
19	40724973
19	40831650
19	40903717
19	40920827
19	40934778
19	40934790
19	40942394
19	40942436
19	40942484
19	40942640
19	40986873
19	40988190
19	40988257
19	41001799
19	41003797
19	41021757
19	41021853
19	41023068
19	41023169
19	41024922
19	41025009
19	41025038
19	41028490
19	41033277
19	41033663
19	41036057
19	41036089
19	41036245
19	41036765
19	41036941
19	41037239
19	41037425
19	41037436
19	41053736
19	41053745
19	41053830
19	41053838
19	41054354
19	41054358
19	41054597
19	41054709
19	41054713
19	41064069
19	41064655
19	41064665
19	41065431
19	41095708
19	41097641
19	41192747
19	41300899
19	41300968
19	41304039
19	41305706
19	41316915
19	41316945
19	41316949
19	41317000
19	41317011
19	41336059
19	41336151
19	41336267
19	41349489
19	41351307
19	41351394
19	41394994
19	41395004
19	41420529
19	41608461
19	41608575
19	41614780
19	41647783
19	41647791
19	41647842
19	41647875
19	41647882
19	41648160
19	41649450
19	41653246
19	41663426
19	41696873
19	41696874
19	41713378
19	41725787
19	41735008
19	41739730
19	41739867
19	41749408
19	41749630
19	41760435
19	41760554
19	41768890
19	41768976
19	41769141
19	41769146
19	41769229
19	41770159
19	41770307
19	41770484
19	41770497
19	41770521
19	41772710
19	41772745
19	41772799
19	41772844
19	41774654
19	41774691
19	41774694
19	41780869
19	41780888
19	41780994
19	41823364
19	41885993
19	41886004
19	41886033
19	41886770
19	41899116
19	41899162
19	41899218
19	41902987
19	41909521
19	41912326
19	41912333
19	41912369
19	41913962
19	41917459
19	41923831
19	41925013
19	41925039
19	42036235
19	42057909
19	42058082
19	42058128
19	42063725
19	42064777
19	42070335
19	42076335
19	42085231
19	42122930
19	42142781
19	42217134
19	42222181
19	42239674
19	42239698
19	42239727
19	42240859
19	42245810
19	42248467
19	42248818
19	42258955
19	42262095
19	42262177
19	42262207
19	42271493
19	42271898
19	42280213
19	42298713
19	42300105
19	42325333
19	42325479
19	42337180
19	42337221
19	42337360
19	42337363
19	42337393
19	42341572
19	42341599
19	42341620
19	42342509
19	42342542
19	42342674
19	42343925
19	42350449
19	42351586
19	42351720
19	42353346
19	42353965
19	42357476
19	42363895
19	42367191
19	42368615
19	42368630
19	42413889
19	42427357
19	42427377
19	42493486
19	42602183
19	42604087
19	42604097
19	42604831
19	42606454
19	42606483
19	42606790
19	42606799
19	42607912
19	42609713
19	42613017
19	42613026
19	42615254
19	42624999
19	42626261
19	42698852
19	42741887
19	42748528
19	42751425
19	42756439
19	42756447
19	42772691
19	42772706
19	42772710
19	42967967
19	43044670
19	43048800
19	43048848
19	43048857
19	43048863
19	43347627
19	43369627
19	43532758
19	43636638
19	43636649
19	43636727
19	43636754
19	43646434
19	43702234
19	43707535
19	43707859
19	43841767
19	43841918
19	43842062
19	43863012
19	43863025
19	43916393
19	43916424
19	43945500
19	44125518
19	44125524
19	44146676
19	44178832
19	44208178
19	44324367
19	44324406
19	44326264
19	44345731
19	44345737
19	44345788
19	44511710
19	44531699
19	44532088
19	44532318
19	44532336
19	44587362
19	44594488
19	44796002
19	45080039
19	45080056
19	45086497
19	45136143
19	45136229
19	45151395
19	45152089
19	45199610
19	45199916
19	45205980
19	45206097
19	45207960
19	45234891
19	45530321
19	45530338
19	45563843
19	45805227
19	45805761
19	45899556
19	46026335
19	46081457
19	46136948
19	46349195
19	46377533
19	46385332
19	46526555
19	46548747
19	46591242
19	46591250
19	46607471
19	46869600
19	47019599
19	47019936
19	47019951
19	47022220
19	47025532
19	47025536
19	47119244
19	47127807
19	47149910
19	47163166
19	47163171
19	47163185
19	47163244
19	47179606
19	47196952
19	47199328
19	47219128
19	47283645
19	47303896
19	47310029
19	47313710
19	47313731
19	47313737
19	47322700
19	47340839
19	47343183
19	47343647
19	47343654
19	47343735
19	47344686
19	47344715
19	47348621
19	47348847
19	47348883
19	47348905
19	47354329
19	47354357
19	47354358
19	47357195
19	47357198
19	47359882
19	47359920
19	47359957
19	47359962
19	47360378
19	47360383
19	47360531
19	47360587
19	47360597
19	47364430
19	47364480
19	47364488
19	47364495
19	47364586
19	47365636
19	47365674
19	47365749
19	47365755
19	47367362
19	47367426
19	47367440
19	47367466
19	47367575
19	47367754
19	47367758
19	47368006
19	47368036
19	47368106
19	47368140
19	47368156
19	47368196
19	47368816
19	47368850
19	47368867
19	47373353
19	47373408
19	47373901
19	47374039
19	47375150
19	47378317
19	47380659
19	47384439
19	47384523
19	47384547
19	47386747
19	47386783
19	47386802
19	47388021
19	47392961
19	47392980
19	47392993
19	47396224
19	47396295
19	47408131
19	47408145
19	47408309
19	47408648
19	47408779
19	47410730
19	47412921
19	47413331
19	47413408
19	47413573
19	47424465
19	47424705
19	47425530
19	47425531
19	47425565
19	47425573
19	47425694
19	47427820
19	47434309
19	47435281
19	47446820
19	47446900
19	47450978
19	47456710
19	47460554
19	47460680
19	47460742
19	47461063
19	47461543
19	47461877
19	47461932
19	47464137
19	47497957
19	47501614
19	47505279
19	47508034
19	47508617
19	47509045
19	47509822
19	47512834
19	47513991
19	47514087
19	47525179
19	47527383
19	47533758
19	47543832
19	47543931
19	47549783
19	47559022
19	47559572
19	47562352
19	47564870
19	47565471
19	47565562
19	47588377
19	47648988
19	47649290
19	47667879
19	47667953
19	47667968
19	47669407
19	47670189
19	47670232
19	47670241
19	47670773
19	47670784
19	47670887
19	47673040
19	47673067
19	47673083
19	47673135
19	47673140
19	47673209
19	47695330
19	47712929
19	47712938
19	47712969
19	47716280
19	47724772
19	47724937
19	47725905
19	47734934
19	47737611
19	47737648
19	47743091
19	47748747
19	47751981
19	47756559
19	47756667
19	47756695
19	47775624
19	47775661
19	47792396
19	47905088
19	47905233
19	47905322
19	47907111
19	47909699
19	47911334
19	47911728
19	47911798
19	47911933
19	47912049
19	47912336
19	47917055
19	47919233
19	47919463
19	47919468
19	47919475
19	47921913
19	47922412
19	47922435
19	47922522
19	47922579
19	47930548
19	47930840
19	47930973
19	47931376
19	47931382
19	47931394
19	47931446
19	47934132
19	47934143
19	47934170
19	47934192
19	47934229
19	47934230
19	47939082
19	47939110
19	47939309
19	47945170
19	47945188
19	47945469
19	47945520
19	47945530
19	47945596
19	47945925
19	47946562
19	47946567
19	47947049
19	47947240
19	47947281
19	47947289
19	47947320
19	47947321
19	47948818
19	47948991
19	47949014
19	47949114
19	47949134
19	47950598
19	47952957
19	47988551
19	48004065
19	48012199
19	48012207
19	48012288
19	48036198
19	48036199
19	48041632
19	48041640
19	48041644
19	48041672
19	48046159
19	48046188
19	48046266
19	48046330
19	48103718
19	48128107
19	48128609
19	48153639
19	48153654
19	48154160
19	48154175
19	48154276
19	48154277
19	48154748
19	48160081
19	48160853
19	48160865
19	48160937
19	48160941
19	48160986
19	48161034
19	48170732
19	48176750
19	48178342
19	48194923
19	48194970
19	48198702
19	48199801
19	48200117
19	48201242
19	48201296
19	48201379
19	48202027
19	48202054
19	48202066
19	48210179
19	48210344
19	48210407
19	48210474
19	48211159
19	48211583
19	48211635
19	48214601
19	48215313
19	48215921
19	48222560
19	48223714
19	48224502
19	48225707
19	48233692
19	48233867
19	48233931
19	48235073
19	48238144
19	48238154
19	48238318
19	48238337
19	48239128
19	48259321
19	48260812
19	48261764
19	48262128
19	48266061
19	48266394
19	48266398
19	48266470
19	48266499
19	48266511
19	48266976
19	48266997
19	48266998
19	48267034
19	48273719
19	48273751
19	48273767
19	48282543
19	48282554
19	48283528
19	48283602
19	48283603
19	48283860
19	48327746
19	48327747
19	48334789
19	48340949
19	48342177
19	48342184
19	48342245
19	48348974
19	48348985
19	48349011
19	48350128
19	48350186
19	48350213
19	48350237
19	48350334
19	48355877
19	48356052
19	48357529
19	48361109
19	48361674
19	48366274
19	48418080
19	48427178
19	48427343
19	48427453
19	48427457
19	48427641
19	48427643
19	48427689
19	48427717
19	48427729
19	48430834
19	48434160
19	48434195
19	48434198
19	48436296
19	48436303
19	48439028
19	48439053
19	48439356
19	48440088
19	48459596
19	48461804
19	48470121
19	48470361
19	48473946
19	48482403
19	48482424
19	48489201
19	48491473
19	48491505
19	48491523
19	48550286
19	48550304
19	48560879
19	48571784
19	48571786
19	48580892
19	48580909
19	48581019
19	48581020
19	48581078
19	48587977
19	48588005
19	48588009
19	48588085
19	48588122
19	48588168
19	48589198
19	48589220
19	48589250
19	48589287
19	48589289
19	48589482
19	48595971
19	48604023
19	48604155
19	48610638
19	48620181
19	48620182
19	48621187
19	48621235
19	48621301
19	48621325
19	48621362
19	48621427
19	48621460
19	48622982
19	48623008
19	48632113
19	48633752
19	48634060
19	48634084
19	48634128
19	48634130
19	48634538
19	48635874
19	48635900
19	48635955
19	48635960
19	48636002
19	48637785
19	48637825
19	48637845
19	48641862
19	48641977
19	48647497
19	48647540
19	48648521
19	48648545
19	48648558
19	48648565
19	48649763
19	48649796
19	48649842
19	48649872
19	48649934
19	48650215
19	48650595
19	48650687
19	48650725
19	48651242
19	48651279
19	48651290
19	48657271
19	48657383
19	48659594
19	48660475
19	48665405
19	48665406
19	48666037
19	48666525
19	48667512
19	48667601
19	48672471
19	48672507
19	48672527
19	48677706
19	48679818
19	48684286
19	48684374
19	48684382
19	48685737
19	48685743
19	48685757
19	48685803
19	48685829
19	48685858
19	48686150
19	48686217
19	48686228
19	48686481
19	48686494
19	48688875
19	48688923
19	48688947
19	48688953
19	48688982
19	48689000
19	48699540
19	48702791
19	48702800
19	48702811
19	48705828
19	48706492
19	48709462
19	48709503
19	48710733
19	48713301
19	48713381
19	48725146
19	48725184
19	48726273
19	48727532
19	48727540
19	48729235
19	48729260
19	48732063
19	48733244
19	48733255
19	48733522
19	48733740
19	48733791
19	48733828
19	48740241
19	48740884
19	48741035
19	48743082
19	48743115
19	48743151
19	48751583
19	48751605
19	48751713
19	48757960
19	48760087
19	48764340
19	48765657
19	48766665
19	48766753
19	48766833
19	48766834
19	48766872
19	48766885
19	48770542
19	48770554
19	48770578
19	48770584
19	48770622
19	48770651
19	48774066
19	48780335
19	48781031
19	48781053
19	48781076
19	48782058
19	48782065
19	48782134
19	48792471
19	48792472
19	48792500
19	48792541
19	48793381
19	48793747
19	48793913
19	48793961
19	48793988
19	48794028
19	48794540
19	48794556
19	48794955
19	48794997
19	48795020
19	48795021
19	48795671
19	48795675
19	48795865
19	48795905
19	48795915
19	48795967
19	48795981
19	48804760
19	48804816
19	48819793
19	48819938
19	48825738
19	48832355
19	48832440
19	48832449
19	48834543
19	48838204
19	48838230
19	48838580
19	48838729
19	48841296
19	48841527
19	48841541
19	48845074
19	48845190
19	48845214
19	48864503
19	48864541
19	48864596
19	48864597
19	48871406
19	48871777
19	48871788
19	48871802
19	48871834
19	48876679
19	48891159
19	48895673
19	48895679
19	48895690
19	48895708
19	48895731
19	48895741
19	48895768
19	48895837
19	48902265
19	48902484
19	48903796
19	48904725
19	48904773
19	48904813
19	48904815
19	48912968
19	48913121
19	48923466
19	48923523
19	48923524
19	48924749
19	48924848
19	48925378
19	48925456
19	48925522
19	48925542
19	48925847
19	48926171
19	48926209
19	48926242
19	48926245
19	48927211
19	48927806
19	48927819
19	48927825
19	48947097
19	48947396
19	48952087
19	48952089
19	48957671
19	48957679
19	48957683
19	48957702
19	48957706
19	48957759
19	48957768
19	48957790
19	48969097
19	48985301
19	48985438
19	48988571
19	48988655
19	48994160
19	49010195
19	49010231
19	49010262
19	49010272
19	49010276
19	49010316
19	49010331
19	49010340
19	49010364
19	49016910
19	49017325
19	49017463
19	49017503
19	49018186
19	49019249
19	49019258
19	49031435
19	49031452
19	49036877
19	49036949
19	49036960
19	49036974
19	49037184
19	49038215
19	49044721
19	49044973
19	49045878
19	49045879
19	49046028
19	49046408
19	49048118
19	49048137
19	49048155
19	49048292
19	49050242
19	49050271
19	49056881
19	49062326
19	49062391
19	49062402
19	49063738
19	49063831
19	49075597
19	49075733
19	49076366
19	49076375
19	49076485
19	49076523
19	49076567
19	49081610
19	49081688
19	49081690
19	49082793
19	49082795
19	49088615
19	49090636
19	49097835
19	49097925
19	49107246
19	49107449
19	49112718
19	49113379
19	49113519
19	49113617
19	49114350
19	49114351
19	49115735
19	49115974
19	49116042
19	49132598
19	49140725
19	49140840
19	49140842
19	49140853
19	49140862
19	49140960
19	49141986
19	49148564
19	49148565
19	49151827
19	49152114
19	49162132
19	49163316
19	49163362
19	49165136
19	49168934
19	49174415
19	49174439
19	49174510
19	49174513
19	49174808
19	49174837
19	49174852
19	49174995
19	49194444
19	49200271
19	49200323
19	49200369
19	49200371
19	49210388
19	49223571
19	49223616
19	49223692
19	49225749
19	49225802
19	49228256
19	49228645
19	49228653
19	49231072
19	49231086
19	49240678
19	49240682
19	49242964
19	49260153
19	49260185
19	49262334
19	49262351
19	49262420
19	49262480
19	49267750
19	49278003
19	49278052
19	49280023
19	49280172
19	49282839
19	49282947
19	49283001
19	49301399
19	49301488
19	49311089
19	49313898
19	49313932
19	49314120
19	49314177
19	49314192
19	49314194
19	49314304
19	49314317
19	49314345
19	49314367
19	49314431
19	49316335
19	49316393
19	49316406
19	49316451
19	49317649
19	49317658
19	49322789
19	49324293
19	49324316
19	49324317
19	49332462
19	49351915
19	49351966
19	49362309
19	49362314
19	49366075
19	49366232
19	49367356
19	49371207
19	49371244
19	49371254
19	49373744
19	49373809
19	49375005
19	49375075
19	49375230
19	49375867
19	49376228
19	49377115
19	49380116
19	49380156
19	49389558
19	49395254
19	49404472
19	49404481
19	49412248
19	49420872
19	49420894
19	49423334
19	49434327
19	49440484
19	49444993
19	49447435
19	49447500
19	49458809
19	49458811
19	49459119
19	49459264
19	49470116
19	49470134
19	49475806
19	49482065
19	49482092
19	49482150
19	49482206
19	49482322
19	49482573
19	49488927
19	49488942
19	49488961
19	49494965
19	49495009
19	49495021
19	49495157
19	49499108
19	49499134
19	49507958
19	49508026
19	49536108
19	49537663
19	49541609
19	49543063
19	49543148
19	49543159
19	49548037
19	49548146
19	49551563
19	49551974
19	49552971
19	49559358
19	49568726
19	49568748
19	49586509
19	49586550
19	49586655
19	49586785
19	49589043
19	49597861
19	49605424
19	49605499
19	49605554
19	49605944
19	49605990
19	49613224
19	49613266
19	49613437
19	49613905
19	49619931
19	49620499
19	49620504
19	49620598
19	49620604
19	49620649
19	49620754
19	49620801
19	49620983
19	49620986
19	49622547
19	49626210
19	49626372
19	49630625
19	49630928
19	49631440
19	49632802
19	49632804
19	49635632
19	49635661
19	49635684
19	49635850
19	49635918
19	49641591
19	49641596
19	49647194
19	49647509
19	49647540
19	49647647
19	49647653
19	49647788
19	49647816
19	49647829
19	49649692
19	49649722
19	49658266
19	49658372
19	49674319
19	49674475
19	49674506
19	49674970
19	49675195
19	49675214
19	49683854
19	49686334
19	49690081
19	49690087
19	49690185
19	49690733
19	49690743
19	49690772
19	49694737
19	49697434
19	49697785
19	49697854
19	49697974
19	49710081
19	49710082
19	49710139
19	49710215
19	49719715
19	49719726
19	49719727
19	49719757
19	49722808
19	49730145
19	49730262
19	49730770
19	49732588
19	49732760
19	49741904
19	49741907
19	49741928
19	49742375
19	49743155
19	49745840
19	49760423
19	49760441
19	49760460
19	49760498
19	49760503
19	49760546
19	49764796
19	49765055
19	49765151
19	49765171
19	49770610
19	49773779
19	49773800
19	49773823
19	49773850
19	49773855
19	49782135
19	49782179
19	49783928
19	49783944
19	49785353
19	49785394
19	49785477
19	49794452
19	49794799
19	49799775
19	49799881
19	49799906
19	49799911
19	49799924
19	49800085
19	49800086
19	49800249
19	49800339
19	49804417
19	49804437
19	49810836
19	49811032
19	49811077
19	49813225
19	49815687
19	49815693
19	49815716
19	49815717
19	49815964
19	49816617
19	49816640
19	49816645
19	49816655
19	49819332
19	49819334
19	49819673
19	49829162
19	49829195
19	49829227
19	49830951
19	49830954
19	49831076
19	49831108
19	49832238
19	49832266
19	49832483
19	49835119
19	49835132
19	49835181
19	49835711
19	49835730
19	49841929
19	49859656
19	49860977
19	49861023
19	49873695
19	49873696
19	49874134
19	49874355
19	49874423
19	49874431
19	49875104
19	49875204
19	49882245
19	49888005
19	49889829
19	49890190
19	49890233
19	49902028
19	49902048
19	49902939
19	49903304
19	49903361
19	49903372
19	49903471
19	49909325
19	49914462
19	49914569
19	49914629
19	49914702
19	49923168
19	49923249
19	49923282
19	49923548
19	49926264
19	49927922
19	49928930
19	49931262
19	49931281
19	49942979
19	49950632
19	49950828
19	49953991
19	49953997
19	49955049
19	49959066
19	49959092
19	49959185
19	49959186
19	49959273
19	49965021
19	49965688
19	49965697
19	49965753
19	49965859
19	49965866
19	49966239
19	49966245
19	49984797
19	49984798
19	49986177
19	49988017
19	49988088
19	49992107
19	49992140
19	49993955
19	49994101
19	49997513
19	49997604
19	49998853
19	50001508
19	50001510
19	50002875
19	50002917
19	50003029
19	50003038
19	50003053
19	50003563
19	50003583
19	50004042
19	50005975
19	50007297
19	50008749
19	50008783
19	50015804
19	50015829
19	50015854
19	50015871
19	50025348
19	50025437
19	50025489
19	50028045
19	50028140
19	50028154
19	50028251
19	50068090
19	50072457
19	50072640
19	50072654
19	50072685
19	50072745
19	50077846
19	50080403
19	50080414
19	50080438
19	50080452
19	50080638
19	50080696
19	50084037
19	50091198
19	50093625
19	50093699
19	50093771
19	50099397
19	50099460
19	50099478
19	50099564
19	50118424
19	50118427
19	50119477
19	50126109
19	50126260
19	50134282
19	50136028
19	50136116
19	50136194
19	50136228
19	50136251
19	50137182
19	50137217
19	50137235
19	50137258
19	50138766
19	50138823
19	50142648
19	50142685
19	50142849
19	50147165
19	50147190
19	50147235
19	50147264
19	50147352
19	50484074
19	50488099
19	50488135
19	50488163
19	50488542
19	50488589
19	50488759
19	50488993
19	50489681
19	50490423
19	50490424
19	50490514
19	50514621
19	50525622
19	50525845
19	50525846
19	50525877
19	50526368
19	50526380
19	50530081
19	50530137
19	50530177
19	50530223
19	50530401
19	50533875
19	50534227
19	50534261
19	50535212
19	50535253
19	50535321
19	50535391
19	50535585
19	50536304
19	50536795
19	50544755
19	50544857
19	50544883
19	50545730
19	50545800
19	50549873
19	50549890
19	50560336
19	50560348
19	50560352
19	50560386
19	50560433
19	50562670
19	50564709
19	50564814
19	50564829
19	50564837
19	50568665
19	50568666
19	50568761
19	50583534
19	50585294
19	50585385
19	50585522
19	50588246
19	50588248
19	50588260
19	50588970
19	50597797
19	50597839
19	50597846
19	50597883
19	50597885
19	50598023
19	50598073
19	50598074
19	50598200
19	50598269
19	50598276
19	50598282
19	50602266
19	50602290
19	50602655
19	50602663
19	50604309
19	50604356
19	50604411
19	50604480
19	50618424
19	50620953
19	50620958
19	50634330
19	50641072
19	50641128
19	50641238
19	50643542
19	50643548
19	50646558
19	50647912
19	50647915
19	50651921
19	50661130
19	50661134
19	50664505
19	50665492
19	50665555
19	50665562
19	50677329
19	50677437
19	50677539
19	50678314
19	50678386
19	50682659
19	50682698
19	50684825
19	50684862
19	50689847
19	50690825
19	50690841
19	50690849
19	50691404
19	50691443
19	50693278
19	50693524
19	50693566
19	50694307
19	50694415
19	50694440
19	50694644
19	50694689
19	50705626
19	50705721
19	50705907
19	50705948
19	50705990
19	50706001
19	50706051
19	50706052
19	50706272
19	50706289
19	50706294
19	50706469
19	50706545
19	50707036
19	50707095
19	50709624
19	50727865
19	50732306
19	50732357
19	50735296
19	50735302
19	50750312
19	50762419
19	50792417
19	50793342
19	50793376
19	50794845
19	50801977
19	50801995
19	50805691
19	50805706
19	50819204
19	50821735
19	50821759
19	50828069
19	50828131
19	50828197
19	50839691
19	50839727
19	50839771
19	50839924
19	50839954
19	50840035
19	50840047
19	50840057
19	50840129
19	50840130
19	50845614
19	50848095
19	50848104
19	50855659
19	50855661
19	50857001
19	50857224
19	50858570
19	50858645
19	50866932
19	50866949
19	50869127
19	50869242
19	50883254
19	50883274
19	50886207
19	50886296
19	50893837
19	50900350
19	50900743
19	50900752
19	50900792
19	50900897
19	50900931
19	50901527
19	50901785
19	50901853
19	50901870
19	50903759
19	50913258
19	50913295
19	50913611
19	50926919
19	50926984
19	50928499
19	50929193
19	50929215
19	50939349
19	50939408
19	50939426
19	50939455
19	51533848
19	51533882
19	51560980
19	51561004
19	51567146
19	51567198
19	51570843
19	51604316
19	51604516
19	51758441
19	51771989
19	51772011
19	52201748
19	52207866
19	52207923
19	52208105
19	52208720
19	52210052
19	52210241
19	52217382
19	52217514
19	52228682
19	52228813
19	52228822
19	52228914
19	52228921
19	52236938
19	52236946
19	52236948
19	52236965
19	52236984
19	52249245
19	52264108
19	52295138
19	52295167
19	52295194
19	52317506
19	52328042
19	52328066
19	52328097
19	52328107
19	52328113
19	52329478
19	52329581
19	52329625
19	52329680
19	52329705
19	52333369
19	52333478
19	52749056
19	52749068
19	52749073
19	52749084
19	52872718
19	52872775
19	52954976
19	52990972
19	53004864
19	53005348
19	53005361
19	53005387
19	53005587
19	53103019
19	53354781
19	53475288
19	53475385
19	53475386
19	53477903
19	53477928
19	53481358
19	53483008
19	53483012
19	53487290
19	53487478
19	53487504
19	53487524
19	53488840
19	53488905
19	53489969
19	53490144
19	53490455
19	53490560
19	53490571
19	53490637
19	53490665
19	53491337
19	53491410
19	53674595
19	53674598
19	53674616
19	53674632
19	53674637
19	53674765
19	53689006
19	53710743
19	53712894
19	53713704
19	53713742
19	53713764
19	53726086
19	53726208
19	53726308
19	53726313
19	53726334
19	53727221
19	53727224
19	53727236
19	53727288
19	53727566
19	53728172
19	53728239
19	53728605
19	53728613
19	53728695
19	53728899
19	53744378
19	53863126
19	53863134
19	53877074
19	53879357
19	53879572
19	53879610
19	53880329
19	53880342
19	53889111
19	53889351
19	53894839
19	53898125
19	53900959
19	53901061
19	53902380
19	53902382
19	54029760
19	54056286
19	54056588
19	54060614
19	54066658
19	54582347
19	54582360
19	54582364
19	55037021
19	55037247
19	55037270
19	55041786
19	55045851
19	55057584
19	55057609
19	55057760
19	55057765
19	55059873
19	55171015
19	55196511
19	55254661
19	55269229
19	55270297
19	55278717
19	55278718
19	55381853
19	55414240
19	55427258
19	55427288
19	55427298
19	55427522
19	55427831
19	55427835
19	55427849
19	55429680
19	55448949
19	55450769
19	55450794
19	55453535
19	55453544
19	55454040
19	55454509
19	55454559
19	55458309
19	55460814
19	55461361
19	55461370
19	55461436
19	55471840
19	55472707
19	55473557
19	55485134
19	55488010
19	55488034
19	55488052
19	55488099
19	55494620
19	55494696
19	55494980
19	55496650
19	55500260
19	55500277
19	55503102
19	55503106
19	55503160
19	55503221
19	55505014
19	55505495
19	55505535
19	55505800
19	55505848
19	55511922
19	55513000
19	55513015
19	55513124
19	55513493
19	55515906
19	55518070
19	55521010
19	55524137
19	55561625
19	55572067
19	55572079
19	55574458
19	55584490
19	55601680
19	55601755
19	55602743
19	55609071
19	55609263
19	55612797
19	55612871
19	55613010
19	55617363
19	55619737
19	55620291
19	55629660
19	55715917
19	55766837
19	55772844
19	55773292
19	55777930
19	55783725
19	55784327
19	55784333
19	55784397
19	55786865
19	55795368
19	55796984
19	55799015
19	55799044
19	55800088
19	55802804
19	55808620
19	55809561
19	55809578
19	55817110
19	55820136
19	55828455
19	55838601
19	55841597
19	55841679
19	55844108
19	55844145
19	55844196
19	55845635
19	55847432
19	55852575
19	55852577
19	55852682
19	55854455
19	55860620
19	55860885
19	55860893
19	55861072
19	55861077
19	55930681
19	55967256
19	55967376
19	55967429
19	55967856
19	55974825
19	55974891
19	55986405
19	55986952
19	55990486
19	55990521
19	55990999
19	55992121
19	55993153
19	55994693
19	56001672
19	56002200
19	56002699
19	56002847
19	56002852
19	56032363
19	56032387
19	56034816
19	56038418
19	56038846
19	56041643
19	56044586
19	56044659
19	56044670
19	56045690
19	56045754
19	56045765
19	56045829
19	56065184
19	56065326
19	56065328
19	56068651
19	56068656
19	56068680
19	56069021
19	56075359
19	56075779
19	56078733
19	56085239
19	56085260
19	56085366
19	56085374
19	56085466
19	56088661
19	56088663
19	56088676
19	56093954
19	56096049
19	56096101
19	56096152
19	56096274
19	56096312
19	56096338
19	56096369
19	56096413
19	56096487
19	56102646
19	56102714
19	56102757
19	56102879
19	56102880
19	56102890
19	56104729
19	56104797
19	56107964
19	56112728
19	56124137
19	56125835
19	56126863
19	56127079
19	56127085
19	56127264
19	56133518
19	56133593
19	56133925
19	56134528
19	56139591
19	56139606
19	56139708
19	56145265
19	56151345
19	56151346
19	56151488
19	56151510
19	56151586
19	56151738
19	56152517
19	56152537
19	56155781
19	56155794
19	56156019
19	56156133
19	56156165
19	56160017
19	56160120
19	56160169
19	56160862
19	56160962
19	56165300
19	56167851
19	56170103
19	56170154
19	56170865
19	56170983
19	56174298
19	56183246
19	56183528
19	56184378
19	56189590
19	56189651
19	56189706
19	56190953
19	56191970
19	56192082
19	56192202
19	56196479
19	56197077
19	56198972
19	56199161
19	56200322
19	56202529
19	56202541
19	56214365
19	56226011
19	56226017
19	56226053
19	56226081
19	56229952
19	56233000
19	56233015
19	56244028
19	56247216
19	56247430
19	56251403
19	56251564
19	56251575
19	56251577
19	56251641
19	56253920
19	56256157
19	56256648
19	56265369
19	56265373
19	56265401
19	56266530
19	56266597
19	56269348
19	56269349
19	56270703
19	56271929
19	56272025
19	56275890
19	56275971
19	56276657
19	56276733
19	56276744
19	56276910
19	56276921
19	56277021
19	56277085
19	56277111
19	56277138
19	56277182
19	56277766
19	56277786
19	56277796
19	56278278
19	56278383
19	56278407
19	56278502
19	56278529
19	56278562
19	56278943
19	56279182
19	56279191
19	56279230
19	56293824
19	56309231
19	56309308
19	56309413
19	56311899
19	56320759
19	56323845
19	56323927
19	56324102
19	56329122
19	56333488
19	56334018
19	56334689
19	56334718
19	56335005
19	56335044
19	56335149
19	56335861
19	56336190
19	56343974
19	56345147
19	56345400
19	56345413
19	56345532
19	56345604
19	56345622
19	56345850
19	56345894
19	56345923
19	56346027
19	56351681
19	56355374
19	56355459
19	56357415
19	56357433
19	56357848
19	56357859
19	56357875
19	56363912
19	56367109
19	56380946
19	56381358
19	56381409
19	56387206
19	56387207
19	56387246
19	56387569
19	56387766
19	56387791
19	56387915
19	56390531
19	56402452
19	56402490
19	56402706
19	56402714
19	56402783
19	56402790
19	56402885
19	56407680
19	56407801
19	56408079
19	56408092
19	56409006
19	56409053
19	56409168
19	56409291
19	56423486
19	56423577
19	56424628
19	56424636
19	56427873
19	56428954
19	56430123
19	56430278
19	56432782
19	56432795
19	56432913
19	56438455
19	56438492
19	56445887
19	56447129
19	56447134
19	56447297
19	56447395
19	56449280
19	56457119
19	56460280
19	56470577
19	56470624
19	56471998
19	56472029
19	56472037
19	56472049
19	56472057
19	56472208
19	56472642
19	56472754
19	56472927
19	56472958
19	56473068
19	56474266
19	56476141
19	56476167
19	56476175
19	56476193
19	56476227
19	56485917
19	56485918
19	56489789
19	56535063
19	56535124
19	56538328
19	56538542
19	56544561
19	56584224
19	56595530
19	56596836
19	56600209
19	56602142
19	56604545
19	56609410
19	56661289
19	56665351
19	56670058
19	56670116
19	56674081
19	56674097
19	56679017
19	56679067
19	56680298
19	56680376
19	56682938
19	56682990
19	56682991
19	56683005
19	56683028
19	56683715
19	56684356
19	56684465
19	56684483
19	56684674
19	56684738
19	56686002
19	56686006
19	56686041
19	56686042
19	56689000
19	56690289
19	56690294
19	56693807
19	56696173
19	56696445
19	56705489
19	56706900
19	56707164
19	56707216
19	56707252
19	56707253
19	56707275
19	56707277
19	56708984
19	56709229
19	56726585
19	56729608
19	56729610
19	56729756
19	56729951
19	56731599
19	56731600
19	56731811
19	56732006
19	56733952
19	56734026
19	56738711
19	56738796
19	56738888
19	56739048
19	56744157
19	56746672
19	56748148
19	56748292
19	56748333
19	56748349
19	56749851
19	56749866
19	56749888
19	56749942
19	56749990
19	56751540
19	56751569
19	56751636
19	56751673
19	56751715
19	56751723
19	56755017
19	56755072
19	56755095
19	56757641
19	56757687
19	56757695
19	56757741
19	56757747
19	56758174
19	56758177
19	56759072
19	56759075
19	56759642
19	56759952
19	56759984
19	56760004
19	56762500
19	56762520
19	56763124
19	56763159
19	56763181
19	56763190
19	56763199
19	56770058
19	56770185
19	56773255
19	56773277
19	56773355
19	56773373
19	56774015
19	56774050
19	56776009
19	56776290
19	56776317
19	56779094
19	56779593
19	56779871
19	56783575
19	56783690
19	56784024
19	56784091
19	56784097
19	56784121
19	56784178
19	56786020
19	56786058
19	56786092
19	56786104
19	56786404
19	56789746
19	56791347
19	56791430
19	56791574
19	56791622
19	56791648
19	56792736
19	56792747
19	56792776
19	56792786
19	56794614
19	56794771
19	56798636
19	56798642
19	56798690
19	56799944
19	56801413
19	56801420
19	56801702
19	56801716
19	56801806
19	56801841
19	56802799
19	56802878
19	56805015
19	56805547
19	56805682
19	56805716
19	56805761
19	56806482
19	56806862
19	56806940
19	56807501
19	56807522
19	56807633
19	56812305
19	56815159
19	56815357
19	56815766
19	56822605
19	56822618
19	56823525
19	56823571
19	56823612
19	56823629
19	56826883
19	56828340
19	56828452
19	56831384
19	56831421
19	56831490
19	56831511
19	56831534
19	56831551
19	56831617
19	56838814
19	56839013
19	56839014
19	56839061
19	56842863
19	56843255
19	56844155
19	56844295
19	56848475
19	56848492
19	56848618
19	56848635
19	56848710
19	56848798
19	56850289
19	56850502
19	56857403
19	56857520
19	56857523
19	56858226
19	56858627
19	56858664
19	56858710
19	56858999
19	56862534
19	56862535
19	56862646
19	56862659
19	56864136
19	56864591
19	56864634
19	56864693
19	56864708
19	56864711
19	56864746
19	56866685
19	56866815
19	56867038
19	56867714
19	56868046
19	56868271
19	56871055
19	56871100
19	56873709
19	56873818
19	56874719
19	56874743
19	56874765
19	56876298
19	56876312
19	56876349
19	56876488
19	56876503
19	56878394
19	56878427
19	56878971
19	56878974
19	56879306
19	56879522
19	56879625
19	56880888
19	56881002
19	56882236
19	56882322
19	56882333
19	56882347
19	56882600
19	56882956
19	56882975
19	56882999
19	56883598
19	56884506
19	56884545
19	56884573
19	56884580
19	56906688
19	56939681
19	56946859
19	56948334
19	56948372
19	56950279
19	56950305
19	56951929
19	56952200
19	56952226
19	56959038
19	56967078
19	56967130
19	56973724
19	56974469
19	56974490
19	56974584
19	56974612
19	56974830
19	56974849
19	56974865
19	56974909
19	56974929
19	56975064
19	56975919
19	56976097
19	56976288
19	56976366
19	56976506
19	56976534
19	56979512
19	56987508
19	56991148
19	56991342
19	56991503
19	56991504
19	56994615
19	56997746
19	56997870
19	56997875
19	56998743
19	56998811
19	56999326
19	56999369
19	56999382
19	57000974
19	57001765
19	57001795
19	57002109
19	57002347
19	57002371
19	57003847
19	57004094
19	57004761
19	57009351
19	57011169
19	57011466
19	57018648
19	57018672
19	57035069
19	57035124
19	57035131
19	57035146
19	57035595
19	57035631
19	57035638
19	57038215
19	57040511
19	57042776
19	57042782
19	57042824
19	57044683
19	57044759
19	57048903
19	57049091
19	57049148
19	57051292
19	57051488
19	57051596
19	57056659
19	57056660
19	57056698
19	57056764
19	57056783
19	57056948
19	57056965
19	57056985
19	57056986
19	57057041
19	57057056
19	57058038
19	57058052
19	57058213
19	57063463
19	57071280
19	57071333
19	57071418
19	57071439
19	57071455
19	57073770
19	57073830
19	57073937
19	57073950
19	57075189
19	57075225
19	57075262
19	57077478
19	57078278
19	57078316
19	57078482
19	57078531
19	57088922
19	57096376
19	57109436
19	57109521
19	57109623
19	57111001
19	57111245
19	57111337
19	57111403
19	57114868
19	57115575
19	57116669
19	57118926
19	57128338
19	57129217
19	57130250
19	57132294
19	57132306
19	57134539
19	57134614
19	57146111
19	57146721
19	57151536
19	57152170
19	57152184
19	57152192
19	57152589
19	57159953
19	57160392
19	57174019
19	57174871
19	57201080
19	57201191
19	57201243
19	57201268
19	57201342
19	57201399
19	57201409
19	57201430
19	57201471
19	57201551
19	57201797
19	57201817
19	57201838
19	57201930
19	57201935
19	57202065
19	57202124
19	57202185
19	57206357
19	57206379
19	57206480
19	57206494
19	57207007
19	57209832
19	57209843
19	57211693
19	57213880
19	57217353
19	57217375
19	57218023
19	57218086
19	57218227
19	57218259
19	57221883
19	57229603
19	57235848
19	57235908
19	57238757
19	57238815
19	57238840
19	57243391
19	57243659
19	57243689
19	57243696
19	57243858
19	57244570
19	57244580
19	57244771
19	57244773
19	57250486
19	57250535
19	57250550
19	57250614
19	57251574
19	57251758
19	57251989
19	57253860
19	57254710
19	57254717
19	57255258
19	57255303
19	57260197
19	57261509
19	57261853
19	57264233
19	57265966
19	57271759
19	57272661
19	57272689
19	57275752
19	57276937
19	57277220
19	57277304
19	57277318
19	57277364
19	57278393
19	57278402
19	57278448
19	57281679
19	57281681
19	57284032
19	57284050
19	57287607
19	57287681
19	57287776
19	57287810
19	57287823
19	57289622
19	57289630
19	57290399
19	57290586
19	57290614
19	57290822
19	57293829
19	57293955
19	57294517
19	57301823
19	57301864
19	57301925
19	57302027
19	57304558
19	57304574
19	57304575
19	57304607
19	57304650
19	57304671
19	57304725
19	57304730
19	57308744
19	57308764
19	57309888
19	57309954
19	57309968
19	57309969
19	57310018
19	57310068
19	57310178
19	57314164
19	57314936
19	57316275
19	57316548
19	57316939
19	57318927
19	57319031
19	57323591
19	57336897
19	57337333
19	57341685
19	57343537
19	57343544
19	57343772
19	57343898
19	57344620
19	57344716
19	57344896
19	57344903
19	57350330
19	57350832
19	57350901
19	57352681
19	57352769
19	57352928
19	57352962
19	57353023
19	57353024
19	57353305
19	57353348
19	57353428
19	57353459
19	57353463
19	57353471
19	57353485
19	57353548
19	57356968
19	57358099
19	57363361
19	57363362
19	57364658
19	57364707
19	57365193
19	57365258
19	57367858
19	57367897
19	57367912
19	57367938
19	57367958
19	57367970
19	57373653
19	57375970
19	57376571
19	57376573
19	57376589
19	57376604
19	57376711
19	57383287
19	57385161
19	57385189
19	57387605
19	57387612
19	57387695
19	57387761
19	57388478
19	57388664
19	57388733
19	57391063
19	57391155
19	57391192
19	57391199
19	57391987
19	57392117
19	57392189
19	57392207
19	57393207
19	57393237
19	57393242
19	57393391
19	57393393
19	57398971
19	57399614
19	57402016
19	57402622
19	57402665
19	57402710
19	57407084
19	57411581
19	57413164
19	57413180
19	57413300
19	57413482
19	57413574
19	57413595
19	57415819
19	57421951
19	57424091
19	57424289
19	57426589
19	57426907
19	57426908
19	57426946
19	57430874
19	57430888
19	57430917
19	57430930
19	57430990
19	57431785
19	57431792
19	57431797
19	57431811
19	57431916
19	57434456
19	57434706
19	57435738
19	57436694
19	57441597
19	57441609
19	57444803
19	57444821
19	57444839
19	57444891
19	57444988
19	57444994
19	57445091
19	57445125
19	57447429
19	57447439
19	57449868
19	57449876
19	57449883
19	57449896
19	57452863
19	57452916
19	57452938
19	57453033
19	57454276
19	57454287
19	57454295
19	57455190
19	57469865
19	57471735
19	57471825
19	57472831
19	57472880
19	57473484
19	57473848
19	57475947
19	57480041
19	57480437
19	57482394
19	57482775
19	57482873
19	57482990
19	57483053
19	57483694
19	57483751
19	57488399
19	57488548
19	57488678
19	57488683
19	57489341
19	57489342
19	57489367
19	57489709
19	57489718
19	57489810
19	57489832
19	57489834
19	57490472
19	57490480
19	57491040
19	57491066
19	57491150
19	57491159
19	57491174
19	57491238
19	57491240
19	57493167
19	57493329
19	57493346
19	57493351
19	57493371
19	57493586
19	57493842
19	57493843
19	57495218
19	57495238
19	57495345
19	57495455
19	57495460
19	57496334
19	57496424
19	57496428
19	57496593
19	57496627
19	57496638
19	57496688
19	57497804
19	57497993
19	57498136
19	57500116
19	57501874
19	57503039
19	57507387
19	57507392
19	57507608
19	57508233
19	57508583
19	57508627
19	57510166
19	57510185
19	57510326
19	57510334
19	57510343
19	57510362
19	57511293
19	57511379
19	57511432
19	57511930
19	57512009
19	57512416
19	57513541
19	57513571
19	57513574
19	57513604
19	57513606
19	57513623
19	57513644
19	57513674
19	57513695
19	57513790
19	57524640
19	57524680
19	57528608
19	57528644
19	57528645
19	57528779
19	57528816
19	57530720
19	57530769
19	57530839
19	57530883
19	57530940
19	57530951
19	57532131
19	57532135
19	57532196
19	57532255
19	57532261
19	57532360
19	57534272
19	57534297
19	57534306
19	57534308
19	57534400
19	57534421
19	57534457
19	57534471
19	57536473
19	57536840
19	57545275
19	57545343
19	57546171
19	57546467
19	57546685
19	57546752
19	57549508
19	57549674
19	57549688
19	57549753
19	57552418
19	57552531
19	57552577
19	57553957
19	57554059
19	57555056
19	57555103
19	57555245
19	57555871
19	57555876
19	57555883
19	57555909
19	57555962
19	57555988
19	57559253
19	57559346
19	57559371
19	57568053
19	57568463
19	57568474
19	57574591
19	57574782
19	57574824
19	57575345
19	57575416
19	57575450
19	57575730
19	57575743
19	57576530
19	57576629
19	57576630
19	57578592
19	57578677
19	57578701
19	57580224
19	57583034
19	57583090
19	57583091
19	57583260
19	57583263
19	57583335
19	57584317
19	57589358
19	57589754
19	57589838
19	57589889
19	57589899
19	57590035
19	57590155
19	57590307
19	57594796
19	57596823
19	57604060
19	57606027
19	57606048
19	57606819
19	57608590
19	57609199
19	57610367
19	57612253
19	57612527
19	57616424
19	57616459
19	57616471
19	57618312
19	57618319
19	57618351
19	57618364
19	57618391
19	57618455
19	57619038
19	57619074
19	57623612
19	57625145
19	57625151
19	57629477
19	57632152
19	57635568
19	57636269
19	57639798
19	57640011
19	57640012
19	57640074
19	57640093
19	57653574
19	57653591
19	57653614
19	57653631
19	57653650
19	57661953
19	57665621
19	57667497
19	57667657
19	57667663
19	57667714
19	57667739
19	57668417
19	57668691
19	57668720
19	57668813
19	57673717
19	57673769
19	57675575
19	57675608
19	57675619
19	57675696
19	57675724
19	57676959
19	57678313
19	57678345
19	57678354
19	57678407
19	57678462
19	57679452
19	57679534
19	57682459
19	57682502
19	57683127
19	57683168
19	57683261
19	57683552
19	57683868
19	57686666
19	57686799
19	57686840
19	57686904
19	57686999
19	57687117
19	57687136
19	57690283
19	57699656
19	57699778
19	57699859
19	57700596
19	57700650
19	57700700
19	57700810
19	57700811
19	57700859
19	57701810
19	57703588
19	57703633
19	57703696
19	57706844
19	57713211
19	57713315
19	57713335
19	57715499
19	57724038
19	57724056
19	57724089
19	57724967
19	57725036
19	57725303
19	57725336
19	57730517
19	57736084
19	57737728
19	57740037
19	57740882
19	57740892
19	57740911
19	57740930
19	57742291
19	57742316
19	57742331
19	57742495
19	57742514
19	57742767
19	57742768
19	57749454
19	57749458
19	57749481
19	57751727
19	57755092
19	57755162
19	57756317
19	57756364
19	57761491
19	57761493
19	57762332
19	57762339
19	57762452
19	57762483
19	57762692
19	57762756
19	57762985
19	57763025
19	57763652
19	57763659
19	57768173
19	57768184
19	57780916
19	57781696
19	57781718
19	57781724
19	57781728
19	57781761
19	57782395
19	57782443
19	57788890
19	57791279
19	57792788
19	57810106
19	57810150
19	57810155
19	57810346
19	57812174
19	57812180
19	57814545
19	57814567
19	57814604
19	57814646
19	57814706
19	57814712
19	57814854
19	57814858
19	57814867
19	57815770
19	57817930
19	57817978
19	57820824
19	57820872
19	57822649
19	57822775
19	57825699
19	57825730
19	57833268
19	57833356
19	57833417
19	57834212
19	57846109
19	57853508
19	57853540
19	57853551
19	57853560
19	57853583
19	57853598
19	57853663
19	57854201
19	57854227
19	57854281
19	57854605
19	57854607
19	57854721
19	57854794
19	57855494
19	57855735
19	57855748
19	57856604
19	57866754
19	57867577
19	57867601
19	57867616
19	57867629
19	57907084
19	57907165
19	57975343
19	57976094
19	57976098
19	57976215
19	57976268
19	57976383
19	57976572
19	57976720
19	57976724
19	57976761
19	57976811
19	57981912
19	57986005
19	57986010
19	57986029
19	57986768
19	57986773
19	57986804
19	57986829
19	57986931
19	57987064
19	57987098
19	57987130
19	57987188
19	57987207
19	57987210
19	57987288
19	57987486
19	57987487
19	57988354
19	57988373
19	57988390
19	57988465
19	57992730
19	57997219
19	57999373
19	57999549
19	58005891
19	58005899
19	58015843
19	58016106
19	58016772
19	58017667
19	58017724
19	58019680
19	58032879
19	58044544
19	58044557
19	58045176
19	58051000
19	58055369
19	58060319
19	58061025
19	58062094
19	58062103
19	58062115
19	58062149
19	58064424
19	58064506
19	58084975
19	58085101
19	58085218
19	58085297
19	58091469
19	58094859
19	58095039
19	58095490
19	58098325
19	58098343
19	58098345
19	58100637
19	58103041
19	58103369
19	58107420
19	58107455
19	58107473
19	58112589
19	58112593
19	58112725
19	58119611
19	58119678
19	58120128
19	58120263
19	58121256
19	58121287
19	58121307
19	58121330
19	58121355
19	58121382
19	58121709
19	58121718
19	58121742
19	58121810
19	58121909
19	58122096
19	58122271
19	58124865
19	58126297
19	58126609
19	58126654
19	58134935
19	58135010
19	58135024
19	58135025
19	58135121
19	58135845
19	58135927
19	58135928
19	58136003
19	58136151
19	58136168
19	58136345
19	58138366
19	58138492
19	58138540
19	58142974
19	58142988
19	58143010
19	58145769
19	58145885
19	58152440
19	58152463
19	58152525
19	58152563
19	58152601
19	58156517
19	58156823
19	58159101
19	58159269
19	58159362
19	58160650
19	58160685
19	58160723
19	58166293
19	58195357
19	58206594
19	58210720
19	58242268
19	58245196
19	58245263
19	58245451
19	58248353
19	58248544
19	58254620
19	58254723
19	58258432
19	58258437
19	58261885
19	58261914
19	58261930
19	58261956
19	58262019
19	58262026
19	58262623
19	58262688
19	58262838
19	58262861
19	58263653
19	58263725
19	58263738
19	58263857
19	58263910
19	58268818
19	58271188
19	58271246
19	58271309
19	58271825
19	58275480
19	58275511
19	58278448
19	58286927
19	58287186
19	58288118
19	58288691
19	58289351
19	58289376
19	58289761
19	58289966
19	58290275
19	58290309
19	58295582
19	58296284
19	58296361
19	58296391
19	58296696
19	58297652
19	58313953
19	58313978
19	58314055
19	58314836
19	58321309
19	58321451
19	58321783
19	58334748
19	58334769
19	58334800
19	58334944
19	58337780
19	58337831
19	58338197
19	58338263
19	58338289
19	58338941
19	58339041
19	58339056
19	58339135
19	58341251
19	58356733
19	58373675
19	58376921
19	58393766
19	58393794
19	58393855
19	58397718
19	58403209
19	58403210
19	58403246
19	58403252
19	58403315
19	58411405
19	58411556
19	58411629
19	58421998
19	58425127
19	58425354
19	58428938
19	58428959
19	58428967
19	58431266
19	58431317
19	58431367
19	58431372
19	58431436
19	58431502
19	58432977
19	58433068
19	58433257
19	58433261
19	58433292
19	58433353
19	58433358
19	58438046
19	58438062
19	58439407
19	58446385
19	58453300
19	58453616
19	58453633
19	58461605
19	58461726
19	58461759
19	58461787
19	58469244
19	58469280
19	58469318
19	58512046
19	58537679
19	58548682
19	58558662
19	58560520
19	58560659
19	58606876
19	58615474
19	58685902
19	58689947
19	58720215
19	58744734
19	58815365
19	58816966
19	58817241
19	58817269
19	58822112
19	58822290
19	58822291
19	58825900
19	58827627
19	58850759
19	58867816
19	58882694
19	58917562
19	58917787
19	58926187
19	58926218
19	58926229
19	58928745
19	58928772
19	58929412
19	58929961
19	58930781
19	58931159
19	58933273
19	58934266
19	58934281
19	58934283
19	58934516
19	58944106
19	58949050
19	58971134
19	58971594
19	58971888
19	58977270
19	58977518
19	58978797
19	58979005
19	58981521
19	58984152
19	58984172
19	58984209
19	58984227
19	58984370
19	58984901
19	58984914
19	58997086
19	59009783
19	59033331
19	59034557
19	59046591
19	59113906
19	59132439
19	59345998
19	59381768
19	59390980
19	59451885
19	59456601
19	59456609
19	59458200
19	59458303
19	59513633
19	59638140
19	59645419
19	59648255
19	59648320
19	59650099
19	59650145
19	59650147
19	59657230
19	59657266
19	59672728
19	59672732
19	59672744
19	59710870
19	59723978
19	59728390
19	59766062
19	59770546
19	59807916
19	59807919
19	59871072
19	59967570
19	59967708
19	59967720
19	59967748
19	59967805
19	59967828
19	59967832
19	59990301
19	60009918
19	60076149
19	60080104
19	60080133
19	60102938
19	60118836
19	60149518
19	60180584
19	60251547
19	60252487
19	60268877
19	60268928
19	60269046
19	60269229
19	60269989
19	60270122
19	60270123
19	60328871
19	60328874
19	60365038
19	60630603
19	60705576
19	60709649
19	60709672
19	60800891
19	60806217
19	60935591
19	60998409
19	60998445
19	61013459
19	61013473
19	61158057
