run	fc	id	index
407	27	54294	taggccat
407	27	54269	gctcta
407	27	54323	atgaaag
407	27	54319	ttcaga
407	27	52173	aaaagtt
407	27	52079	tggtacgt
407	27	45915-LG	ggaccta
407	27	54307	taggaa
407	27	52168	tagcatgg
407	27	52109	acaaa
407	27	54304	gtcgatt
407	27	54315	cttcca
407	27	54311	atgcct
407	27	45943-SM	tgca
407	27	54284	gagata
407	27	26874-LGSM F1	acgactag
407	27	52186	ttcctgga
407	27	52156	agccg
407	27	52045	ccggatat
407	27	54295	tattttt
407	27	52185	gtatt
407	27	52136	ggttgt
407	27	54121	accgt
407	27	52077	ccagct
407	27	54340	ctagg
407	27	54260	ctcg
407	27	54194	atgaaag
407	27	54267	gtatt
407	27	45915-LG	tctcagtg
407	27	54353	gctcta
407	27	54245	acta
407	27	54248	ggaccta
407	27	54261	ttcaga
407	27	54266	gtaa
407	27	54253	gcgt
407	27	54368	tagcatgg
407	27	54216	ggtgt
407	27	52099	aacgcct
407	27	54133	cgctt
407	27	54256	tcacg
407	27	54339	taggaa
407	27	52191	tattttt
407	27	54233	tgca
407	27	26874-LGSM F1	aact
407	27	54213	agtgga
407	27	45943-SM	aatatgg
407	27	54279	ttcctgga
407	27	54157	ttctg
407	27	54227	gtcgatt
407	27	54357	tggtacgt
407	27	52182	atgcct
407	27	54277	cgccttat
407	27	54230	aaaagtt
407	27	26874-LGSM F1	acaaa
407	27	54252	agccg
407	27	54198	cgat
407	27	52000	ccggatat
407	27	52096	gaacttg
407	27	54217	ccacaa
407	27	54371	gaattca
407	27	54240	gagata
407	27	54363	cttgctt
407	27	54249	taggccat
407	27	54360	ggttgt
407	27	45915-LG	ctgta
407	27	45943-SM	accgt
407	27	54270	cttcca
407	27	54346	tgcga
407	27	52083	gctta
407	27	54199	ccagct
407	27	54327	caga
407	27	54201	acgactag
407	27	52092	ttctg
407	27	54166	gtaa
407	27	54335	tattttt
407	27	54324	tgcga
407	27	54343	gtatt
407	27	52197	taggaa
407	27	54257	atgcct
407	27	54209	taggccat
407	27	54332	agccg
407	27	52081	cgctt
407	27	54114	tctcagtg
407	27	54207	gtcgatt
407	27	45915-LG	cttgctt
407	27	54238	tggtacgt
407	27	54320	ttcaga
407	27	54244	ctagg
407	27	54216	aatatgg
407	27	54109/11	agtgga
407	27	54352	ggtgt
407	27	52198	gctcta
407	27	54237	aaaagtt
407	27	26874-LGSM F1	gctta
407	27	45943-SM	gaattca
407	27	54289	acgactag
407	27	54283	atgaaag
407	27	54330	ggttgt
407	27	54243	cgat
407	27	45943-SM	aact
407	27	54347	ttcctgga
407	27	54170	aacgcct
407	27	54367	gaacttg
407	27	26874-LGSM F1	tagcatgg
407	27	54359	gagata
407	27	54336	acta
407	27	52093	cgccttat
407	27	54274	caga
407	27	54221	tgca
407	27	54220	ggaccta
407	27	52076	acaaa
407	27	54100	ccacaa
407	27	54372	ccggatat
407	27	54229	gcgt
407	27	54331	cttcca
407	27	54350	ccagct
407	27	54234	tcacg
407	27	54226	ctgta
407	27	54142	ctcg
407	27	45915-LG	accgt
407	27	56265	aacgcct
407	27	45915-LG	tctcagtg
407	27	54146	agccg
407	27	54164	gctcta
407	27	56248	agtgga
407	27	54178	ccagct
407	27	54153	gagata
407	27	54134	acaaa
407	27	54187	ctcg
407	27	54165	taggaa
407	27	56223	gtcgatt
407	27	54150	caga
407	27	54138	tcacg
407	27	54830	ggaccta
407	27	54161	gtaa
407	27	54139	tgcga
407	27	54863	atgaaag
407	27	26874-LGSM F1	cttcca
407	27	54884	aaaagtt
407	27	45943-SM	aatatgg
407	27	54141	cgctt
407	27	54147	ggtgt
407	27	56216	ccggatat
407	27	54149	gtatt
407	27	54176	atgcct
407	27	54173	gctta
407	27	54182	ctgta
407	27	26874-LGSM F1	acgactag
407	27	45943-SM	ttcaga
407	27	54847	ggttgt
407	27	54154	ccacaa
407	27	54131	accgt
407	27	54380	cttgctt
407	27	54183	aact
407	27	54396	tggtacgt
407	27	45915-LG	cgat
407	27	54398	ttcctgga
407	27	54375	tattttt
407	27	54169	ttctg
407	27	54868	cgccttat
407	27	54821	taggccat
407	27	54892	gaattca
407	27	54190	gcgt
407	27	56219	tagcatgg
407	27	54876	gaacttg
407	27	54158	tgca
407	27	54186	acta
407	27	54179	ctagg
407	27	56244	gcgt
407	27	54812	agtgga
407	27	56232	accgt
407	27	54896	acaaa
407	27	56261	aacgcct
407	27	45915-LG	gaattca
407	27	54871	atgaaag
407	27	56253	cgat
407	27	54829	ttctg
407	27	54808	acta
407	27	54813	tgca
407	27	54899	gtatt
407	27	56236	tctcagtg
407	27	56240	cttgctt
407	27	54888	caga
407	27	45943-SM	atgcct
407	27	56264	gaacttg
407	27	54872	ttcaga
407	27	54880	taggaa
407	27	54887	aaaagtt
407	27	56215	ggaccta
407	27	26874-LGSM F1	ggttgt
407	27	54864	cgccttat
407	27	54859	ggtgt
388	26	51756	cgat
388	26	51764	gaacttg
388	26	46679-LGSM F1	tgcga
388	26	51997	agccg
388	26	45905-LG	gaattca
388	26	51795	cttgctt
388	26	51782	ttctg
388	26	52150	ctcg
388	26	51804	gtatt
388	26	51976	acta
388	26	51839	gtaa
388	26	51698	ctgta
388	26	52178	aact
388	26	51991	tagcatgg
388	26	51891	cgccttat
388	26	51858	gagata
388	26	51850	taggaa
388	26	51976	tggtacgt
388	26	51863	cttcca
388	26	51665	accgt
388	26	51779	gcgt
388	26	45943-SM	tcacg
388	26	51845	gctta
388	26	51924	gctcta
388	26	51812	aatatgg
388	26	45943-SM	gtcgatt
388	26	52048	caga
388	26	51933	acgactag
388	26	51778	tctcagtg
388	26	51936	ccggatat
388	26	51727	ccacaa
388	26	52053	cttcca
388	26	46679-LGSM F1	ttctg
388	26	51930	ctagg
388	26	52055	taggaa
388	26	51941	cgccttat
388	26	52073	gaacttg
388	26	51984	gagata
388	26	51883	tattttt
388	26	51881	ggtgt
388	26	51901	acta
388	26	52149	tgca
388	26	51673	tggtacgt
388	26	52101	ctcg
388	26	52059	gtatt
388	26	51811	ccagct
388	26	45905-LG	cttgctt
388	26	51966	aact
388	26	51910	ggaccta
388	26	51681	tagcatgg
388	26	51694	ttcctgga
388	26	51902	atgcct
388	26	52102	cgctt
388	26	51833	accgt
388	26	52063	acaaa
388	26	51994	aacgcct
388	26	52175	agccg
388	26	51981	ttcaga
388	26	45905-LG	tgcga
388	26	46679-LGSM F1	ggttgt
388	26	51886	agtgga
388	26	45943-SM	gtaa
388	26	52018	gcgt
388	26	52040	atgaaag
388	26	51980	gctta
388	26	51950	aaaagtt
388	26	51959	cgat
388	26	51992	gaattca
388	26	51666	ctgta
388	26	52071	tcacg
388	26	51760	taggccat
388	26	51847	tctcagtg
388	26	52044	acaaa
388	26	51686	ggtgt
388	26	52041	acta
388	26	51979	tcacg
388	26	52036	cgctt
388	26	45943-SM	gaattca
388	26	45905-LG	cttcca
388	26	52145	ccagct
388	26	51728	aacgcct
388	26	51940	ctgta
388	26	52067	cgat
388	26	51947	agccg
388	26	46679-LGSM F1	ttcctgga
388	26	51840	aaaagtt
388	26	51765	ggaccta
388	26	51971	agtgga
388	26	51897	gcgt
388	26	51965	caga
388	26	52138	ccacaa
388	26	51927	tgca
388	26	52012	tggtacgt
388	26	52144	taggccat
388	26	52009	aatatgg
388	26	52072	tattttt
388	26	51953	ttcaga
388	26	52139	accgt
388	26	51961	ttctg
388	26	51877	gtaa
388	26	46679-LGSM F1	ctcg
388	26	51920	tagcatgg
388	26	52066	atgaaag
388	26	51916	gaacttg
388	26	51890	taggaa
388	26	45905-LG	cgccttat
388	26	51935	gtatt
388	26	45943-SM	ctagg
388	26	52062	cttgctt
388	26	52177	aact
388	26	51923	ggttgt
388	26	51944	gctcta
388	26	52049	gagata
388	26	51896	gtcgatt
388	26	52022	atgcct
388	26	52103	tgcga
388	26	51882	acgactag
388	26	52058	ccggatat
388	26	51676	gctta
388	26	51993	gctcta
388	26	52030	acta
388	26	52015	caga
388	26	54193	acaaa
388	26	52019	agccg
388	26	45943-SM	gagata
388	26	51998	ttctg
388	26	52131	tctcagtg
388	26	52192	ttcctgga
388	26	52161	ggttgt
388	26	54113	acgactag
388	26	52116	tggtacgt
388	26	45915-LG	tagcatgg
388	26	52027	gtatt
388	26	52000	tcacg
388	26	52014	accgt
388	26	51714	ctagg
388	26	52004	cgat
388	26	52153	ccggatat
388	26	51906	ctcg
388	26	52026	gcgt
388	26	26874-LGSM F1	cttgctt
388	26	52108	aaaagtt
388	26	51962	ggtgt
388	26	51982	ccagct
388	26	26874-LGSM F1	tgca
388	26	52127	taggccat
388	26	51911	gtaa
388	26	45915-LG	aact
388	26	52112	gtcgatt
388	26	52031	ccacaa
388	26	54291	atgcct
388	26	52117	cttcca
388	26	52003	cgctt
388	26	54130	gaattca
388	26	54299	cgccttat
388	26	52169	atgaaag
388	26	54105	agtgga
388	26	51905	ttcaga
388	26	54300	gaacttg
388	26	54310	tattttt
388	26	54196	ctgta
388	26	45943-SM	gctta
388	26	54106	ggaccta
388	26	54104	aacgcct
388	26	52164	aatatgg
388	26	54298	tgcga
388	26	51972	taggaa
388	26	52132	ctgta
388	26	54117	tctcagtg
388	26	52162	cgat
388	26	52165	gcgt
388	26	45915-LG	tgcga
388	26	45943-SM	ggtgt
388	26	54126	gctta
388	26	52115	cttgctt
388	26	54303	ctcg
388	26	52193	caga
388	26	52159	aatatgg
388	26	52123	tcacg
388	26	54282	acta
388	26	52124	cgctt
388	26	52088	cgccttat
388	26	54290	ccacaa
388	26	52174	gtaa
388	26	54316	agtgga
388	26	52107	gaacttg
388	26	54116	ctagg
388	26	54124	ttctg
388	26	52120	gaattca
388	26	26874-LGSM F1	aact
388	26	54125	aacgcct
386	25	51280	ctcg
386	25	51295	ggaccta
386	25	51618	cgctt
386	25	51335	gtatt
386	25	45943-SM	ctgta
386	25	51324	aaaagtt
386	25	51356	acta
386	25	51268	gaattca
386	25	51371	ttcaga
386	25	51384	cgccttat
386	25	45905-LG	caga
386	25	46679-LGSM F1	gagata
386	25	51338	taggaa
386	25	51420	gcgt
386	25	51604	aact
386	25	51627	ggttgt
386	25	51388	cttcca
386	25	51360	gctcta
386	25	51277	gaacttg
386	25	51609	ttctg
386	25	51831	cgat
386	25	51243	cttgctt
386	25	51400	ccacaa
386	25	51283	acaaa
386	25	51616	ccggatat
386	25	51280	ggtgt
386	25	51645	ttcctgga
386	25	51656	gtcgatt
386	25	51262	ctagg
386	25	51624	taggccat
386	25	51348	aatatgg
386	25	46679-LGSM F1	agtgga
386	25	51258	tctcagtg
386	25	51644	agccg
386	25	51376	acaaa
386	25	51348	acgactag
386	25	51276	atgcct
386	25	51395	accgt
386	25	50735	atgaaag
386	25	45943-SM	ccagct
386	25	45905-LG	tcacg
386	25	51657	gctta
386	25	51308	tgca
386	25	51631	aacgcct
386	25	51387	tggtacgt
386	25	51350	tgcga
386	25	51454	tagcatgg
386	25	51303	gtaa
386	25	45905-LG	ctgta
386	25	51367	gaattca
386	25	51399	aact
386	25	45943-SM	gtaa
386	25	51313	cgccttat
386	25	51375	cttcca
386	25	51372	taggccat
386	25	51359	agccg
386	25	51304	acaaa
386	25	51392	tgcga
386	25	51770	tcacg
386	25	51380	caga
386	25	51614	ggaccta
386	25	51345	atgcct
386	25	46679-LGSM F1	ggtgt
386	25	51641	atgaaag
386	25	51281	gtatt
386	25	51319	taggaa
386	25	51651	gaacttg
386	25	51345	ggttgt
386	25	51327	ctcg
386	25	51294	accgt
386	25	51335	ttcaga
386	25	51291	gcgt
386	25	51628	ccacaa
386	25	51284	gagata
386	25	45905-LG	tctcagtg
386	25	51396	tggtacgt
386	25	51351	ccggatat
386	25	51302	tagcatgg
386	25	51328	gtcgatt
386	25	50735	gctcta
386	25	51608	aatatgg
386	25	51342	cgctt
386	25	51334	ccagct
386	25	51263	acta
386	25	51383	ctagg
386	25	51613	ttctg
386	25	51339	tgca
386	25	51262	ctcg
386	25	51603	gctta
386	25	45943-SM	tattttt
386	25	51245	ttcctgga
386	25	51355	agccg
386	25	51346	cgat
386	25	51642	aaaagtt
386	25	51364	acgactag
386	25	46679-LGSM F1	aacgcct
386	25	51377	gctcta
386	25	51648	taggaa
386	25	46679-LGSM F1	cttgctt
386	25	51309	aact
386	25	51463	ttcaga
386	25	51307	ccagct
386	25	51329	cgat
386	25	45905-LG	agtgga
386	25	51654	tgca
386	25	51368	ccacaa
386	25	51661	ttctg
386	25	51361	cgctt
386	25	51289	ggtgt
386	25	51634	gcgt
386	25	51621	ctagg
386	25	51602	accgt
386	25	51272	gtatt
386	25	51288	gtaa
386	25	51275	gctta
386	25	51254	ctgta
386	25	51455	acta
386	25	45943-SM	tattttt
386	25	51607	tcacg
386	25	51461	caga
386	25	51842	ttcaga
386	25	51737	cgccttat
386	25	52180	gctta
386	25	51706	ctcg
386	25	51682	atgaaag
386	25	51771	cttgctt
386	25	51774	acta
386	25	51871	acgactag
386	25	51739	caga
386	25	51752	taggaa
386	25	45943-SM	ctagg
386	25	51660	aaaagtt
386	25	51791	ggttgt
386	25	51705	tgcga
386	25	51695	ttctg
386	25	51700	cgctt
386	25	51857	ccggatat
386	25	51819	agtgga
386	25	51815	gaattca
386	25	45905-LG	ccagct
386	25	51813	gtcgatt
386	25	46679-LGSM F1	cgat
386	25	51810	gtatt
386	25	51759	ggaccta
386	25	51723	ttcctgga
386	25	51672	tgca
386	25	51832	cttcca
386	25	57801	ccacaa
386	25	51718	aact
386	25	51875	atgcct
386	25	51713	acaaa
386	25	51878	tagcatgg
386	25	45943-SM	tcacg
386	25	51745	gtaa
386	25	51785	ggtgt
386	25	51710	accgt
386	25	51767	tattttt
386	25	46679-LGSM F1	gagata
386	25	51748	aacgcct
386	25	51690	gcgt
386	25	51794	ctgta
386	25	51820	gaacttg
386	25	51753	tggtacgt
386	25	51709	aatatgg
386	25	51949	gctcta
386	25	45905-LG	ttcctgga
386	25	51867	tctcagtg
386	25	51870	agccg
386	25	51892	agtgga
386	25	51816	aacgcct
386	25	51693	ggttgt
386	25	52152	cgctt
386	25	51722	acgactag
386	25	51683	ggtgt
386	25	51854	ggaccta
386	25	45943-SM	aaaagtt
386	25	51662	atgaaag
386	25	51746	taggccat
386	25	51987	tctcagtg
386	25	51747	tgca
386	25	45905-LG	ccagct
386	25	51669	ccggatat
386	25	51836	gctcta
386	25	46679-LGSM F1	ctagg
386	25	51828	aatatgg
386	25	51731	ccacaa
386	25	51775	atgcct
386	25	51866	ttcaga
386	25	51717-19	gtcgatt
386	25	51689	tattttt
386	25	51823	taggccat
386	25	51853	caga
386	25	51829	acaaa
381	24	50134	taggaa
381	24	49472	ttctg
381	24	50326	ccggatat
381	24	50194	cgccttat
381	24	50103	gtaa
381	24	50143	tgca
381	24	50220	aaaagtt
381	24	50118	accgt
381	24	50150	ttcctgga
381	24	50252	aacgcct
381	24	50121	tgcga
381	24	50253	ctagg
381	24	49479	ctcg
381	24	50107	acta
381	24	50129	cgat
381	24	50311	tcacg
381	24	50316	cttgctt
381	24	50205	gaacttg
381	24	50245	ggaccta
381	24	50234	agtgga
381	24	49490	ccacaa
381	24	50119	gtatt
381	24	49497	atgcct
381	24	50131	ggttgt
381	24	50364	caga
381	24	50296	ctcg
381	24	50411	atgaaag
381	24	50358	ggtgt
381	24	50341	cgctt
381	24	50420	tctcagtg
381	24	50374	ctagg
381	24	50355	gaacttg
381	24	50421	taggccat
381	24	50386	aatatgg
381	24	50354	tagcatgg
381	24	50406	gtaa
381	24	50303	agtgga
381	24	45943-SM	cttgctt
381	24	50375	ttcaga
381	24	50293	gcgt
381	24	50351	ccacaa
381	24	50345	accgt
381	24	50417	gctta
381	24	46679-LGSM F1	tgca
381	24	45905-LG	gctcta
381	24	50286	aaaagtt
381	24	50396	taggaa
381	24	50300	atgcct
381	24	50382	cttcca
381	24	50217	acta
381	24	50383	gagata
381	24	50327	gtcgatt
381	24	50385	gaattca
381	24	50330	ctgta
381	24	50186	ttctg
381	24	50370	ttcctgga
381	24	50431	aact
381	24	45943-SM	agccg
381	24	50172	gtatt
381	24	50359	cgat
381	24	50405	ccagct
381	24	50310	cgccttat
381	24	50315	tggtacgt
381	24	46679-LGSM F1	ggttgt
381	24	50391	ggaccta
381	24	45905-LG	acgactag
381	24	50412	ccggatat
381	24	50282	tcacg
381	24	50404	acaaa
381	24	50432	tattttt
381	24	50430	tgcga
381	24	50195	aacgcct
381	24	50333	ttctg
381	24	50322	gctcta
381	24	50304	gtatt
381	24	50348	tgca
381	24	50288	ctgta
381	24	46679-LGSM F1	aact
381	24	50299	ttcaga
381	24	50407	accgt
381	24	50377	ggtgt
381	24	46679-LGSM F1	agccg
381	24	45943-SM	acta
381	24	50369	ccagct
381	24	50365	gcgt
381	24	50340	ctagg
381	24	50397	cgctt
381	24	50429	gctta
381	24	50335	caga
381	24	45905-LG	acaaa
381	24	50390	tcacg
381	24	50344	taggaa
381	24	50419	ccacaa
381	24	50168	gtaa
381	24	50336	cgat
381	24	46679-LGSM F1	ctcg
381	24	51250	ccagct
381	24	50779	cttgctt
381	24	51228	tcacg
381	24	50793	ttcctgga
381	24	50778	ttctg
381	24	50099	cttcca
381	24	51223	taggaa
381	24	51224	gtaa
381	24	50496	ggttgt
381	24	51216	gtatt
381	24	50787	atgaaag
381	24	49383	acaaa
381	24	50701	cgat
381	24	50774	gaattca
381	24	50749	agccg
381	24	51219	tattttt
381	24	50756	aact
381	24	50100	gagata
381	24	50719	gaacttg
381	24	50716	gctta
381	24	51229	agtgga
381	24	51205	ggaccta
381	24	50722	cgctt
381	24	51221	ccggatat
381	24	50085	gctta
381	24	50771	tagcatgg
381	24	51241	acgactag
381	24	50753	gtatt
381	24	50752	agccg
381	24	51259	cttcca
381	24	50707	cgccttat
381	24	50792	accgt
381	24	50767	aaaagtt
381	24	50764	tgcga
381	24	50475	acta
381	24	50788	ggaccta
381	24	50770	cgctt
381	24	51236	tgca
381	24	50723	acaaa
381	24	51209	gctcta
381	24	50798	tctcagtg
381	24	51233	atgcct
381	24	51210	tattttt
381	24	50729	gcgt
381	24	50745	gtcgatt
381	24	50735	gaacttg
381	24	50485	ctagg
381	24	50478	gaattca
381	24	50728	tcacg
381	24	50740	aacgcct
381	24	50763	ccagct
381	24	50497	taggaa
381	24	50715	ttcctgga
381	24	50755	ttcaga
381	24	50712	ggtgt
381	24	50095	ctgta
381	24	51244	ttctg
381	24	50703	gagata
381	24	50078	ccggatat
381	24	50749	ctcg
381	24	51220	ccacaa
381	24	51234	aatatgg
381	24	51202	cgat
381	24	50744	taggccat
381	24	51239	ggttgt
381	24	50797	agtgga
381	24	50487	gtaa
381	24	51204	cttgctt
381	24	50086	caga
381	24	50704	aact
381	24	50741	tggtacgt
381	24	50760	atgaaag
175	11	22504	ctcg
175	11	22505	tgca
175	11	22506	acta
175	11	22507	caga
175	11	22508	aact
175	11	22509	gcgt
175	11	22522	gtaa
175	11	22523	cgat
175	11	22524	accgt
175	11	22526	tcacg
175	11	22527	ctagg
175	11	22530	acaaa
175	11	22531	ttctg
175	11	22532	agccg
175	11	22547	gtatt
175	11	22549	ctgta
175	11	22550	cgctt
175	11	22551	gctta
175	11	22554	ggtgt
175	11	22675	ccagct
175	11	22676	ttcaga
175	11	22677	taggaa
175	11	22680	gctcta
175	11	22681	ccacaa
175	11	22711	tgcga
175	11	22712	cttcca
175	11	22713	gagata
175	11	22714	atgcct
175	11	22715	tattttt
175	11	22716	cttgctt
175	11	22717	atgaaag
175	11	22718	aaaagtt
175	11	22719	gaattca
175	11	22721	gaacttg
175	11	22722	ggaccta
175	11	22723	gtcgatt
175	11	22725	aacgcct
175	11	22728	aatatgg
175	11	22762	acgactag
175	11	22763	agtgga
175	11	22764	tagcatgg
175	11	22765	ggttgt
175	11	22766	taggccat
175	11	22767	ttcctgga
175	11	22768	tggtacgt
175	11	22769	tctcagtg
175	11	22785	ccggatat
175	11	22787	cgccttat
175	11	22788	ctcg
175	11	22789	tgca
175	11	22791	acta
175	11	22792	caga
175	11	22820	aact
175	11	22822	gcgt
175	11	22823	gtaa
175	11	22826	cgat
175	11	22848	accgt
175	11	22850	tcacg
175	11	22852	ctagg
175	11	22854	acaaa
175	11	22855	ttctg
175	11	22876	agccg
175	11	22877	gtatt
175	11	22878	ctgta
175	11	22879	cgctt
175	11	22880	gctta
175	11	25638	ggtgt
175	11	25640	ccagct
175	11	25641	ttcaga
175	11	25688	taggaa
175	11	25689	gctcta
175	11	25690	ccacaa
175	11	25691	tgcga
175	11	25692	cttcca
175	11	25693	gagata
175	11	25694	atgcct
175	11	25695	tattttt
175	11	25697	cttgctt
175	11	25699	atgaaag
175	11	25700	aaaagtt
175	11	25701	gaattca
175	11	25703	gaacttg
175	11	25704	ggaccta
175	11	25705	gtcgatt
175	11	25707	aacgcct
175	11	25709	aatatgg
175	11	25710	acgactag
175	11	25826	agtgga
175	11	25827	tagcatgg
175	11	25828	ggttgt
175	11	25829	taggccat
175	11	25830	ttcctgga
175	11	25831	tggtacgt
175	11	25832	tctcagtg
175	11	25833	ccggatat
175	11	25848	cgccttat
175	11	29147	ctcg
175	11	29148	tgca
175	11	29149	acta
175	11	29150	caga
175	11	29151	aact
175	11	29152	gcgt
175	11	29153	gtaa
175	11	29154	cgat
175	11	29264	accgt
175	11	29265	tcacg
175	11	29266	ctagg
175	11	29267	acaaa
175	11	29268	ttctg
175	11	29269	agccg
175	11	29270	gtatt
175	11	29271	ctgta
175	11	29332	cgctt
175	11	29333	gctta
175	11	29334	ggtgt
175	11	29336	ccagct
175	11	29338	ttcaga
175	11	29339	taggaa
175	11	29340	gctcta
175	11	29341	ccacaa
175	11	29342	tgcga
175	11	29343	cttcca
175	11	29344	gagata
175	11	29346	atgcct
175	11	29347	tattttt
175	11	29469	cttgctt
175	11	29471	atgaaag
175	11	30006	aaaagtt
175	11	30007	gaattca
175	11	30009	gaacttg
175	11	30010	ggaccta
175	11	30011	gtcgatt
175	11	30015	aacgcct
175	11	30017	aatatgg
175	11	30018	acgactag
175	11	30019	agtgga
175	11	30021	tagcatgg
175	11	30022	ggttgt
175	11	30023	taggccat
175	11	30024	ttcctgga
175	11	30025	tggtacgt
175	11	30026	tctcagtg
175	11	30027	ccggatat
175	11	30028	cgccttat
175	11	30029	ctcg
175	11	30030	tgca
175	11	30031	acta
175	11	30032	caga
175	11	30033	aact
175	11	30035	gcgt
175	11	30036	gtaa
175	11	30037	cgat
175	11	30040	accgt
175	11	30044	tcacg
175	11	30046	ctagg
175	11	30089	acaaa
175	11	30092	ttctg
175	11	30118	agccg
175	11	30267	gtatt
175	11	30305	ctgta
175	11	30307	cgctt
175	11	30309	gctta
175	11	30310	ggtgt
175	11	30311	ccagct
175	11	30366	ttcaga
175	11	30367	taggaa
175	11	30373	gctcta
175	11	30469	ccacaa
175	11	30470	tgcga
175	11	30472	cttcca
175	11	30478	gagata
175	11	30479	atgcct
175	11	30480	tattttt
175	11	30484	cttgctt
175	11	30486	atgaaag
175	11	30488	aaaagtt
175	11	30490	gaattca
175	11	30491	gaacttg
175	11	30493	ggaccta
175	11	30495	gtcgatt
175	11	30496	aacgcct
175	11	30601	aatatgg
175	11	30606	acgactag
175	11	30607	agtgga
175	11	30608	tagcatgg
175	11	30611	ggttgt
175	11	30612	taggccat
175	11	30941	ttcctgga
175	11	30942	tggtacgt
175	11	30943	tctcagtg
175	11	30945	ccggatat
177	12	22520	aacgcct
177	12	22521	aatatgg
177	12	22525	acgactag
177	12	22528	agtgga
177	12	22529	tagcatgg
177	12	22533	ggttgt
177	12	22534	taggccat
177	12	22535	ttcctgga
177	12	22548	tggtacgt
177	12	22678	ctcg
177	12	22679	tgca
177	12	22720	acta
177	12	22727	caga
177	12	22786	aact
177	12	22790	gcgt
177	12	22821	gtaa
177	12	25849	ctcg
177	12	25850	tgca
177	12	25851	acta
177	12	25852	caga
177	12	25853	aact
177	12	25854	gcgt
177	12	25855	gtaa
177	12	25856	cgat
177	12	25857	accgt
177	12	28005	ttctg
177	12	28006	agccg
177	12	28007	gtatt
177	12	28009	ctgta
177	12	28010	cgctt
177	12	28011	gctta
177	12	28077	ggtgt
177	12	28078	ccagct
177	12	28079	ttcaga
177	12	28256	tgcga
177	12	28257	cttcca
177	12	28341	gagata
177	12	28343	atgcct
177	12	28915	tattttt
177	12	28916	cttgctt
177	12	28917	atgaaag
177	12	28918	aaaagtt
177	12	28919	gaattca
177	12	29335	tgca
177	12	29337	acta
177	12	29470	ttcaga
177	12	30034	ctagg
177	12	30039	ttctg
177	12	30041	agccg
177	12	30042	gtatt
177	12	30043	ctgta
177	12	30045	cgctt
177	12	30047	gctta
177	12	30090	ggtgt
177	12	30091	ccagct
177	12	30117	ttcaga
177	12	30119	taggaa
177	12	30120	gctcta
177	12	30264	ccacaa
177	12	30265	tgcga
177	12	30266	cttcca
177	12	30268	gagata
177	12	30269	atgcct
177	12	30270	tattttt
177	12	30304	cttgctt
177	12	30306	atgaaag
177	12	30308	aaaagtt
177	12	30363	gaattca
177	12	30364	gaacttg
177	12	30365	ggaccta
177	12	30368	gtcgatt
177	12	30369	aacgcct
177	12	30370	aatatgg
177	12	30371	acgactag
177	12	30372	agtgga
177	12	30374	tagcatgg
177	12	30375	ggttgt
177	12	30466	taggccat
177	12	30467	ttcctgga
177	12	30471	tctcagtg
177	12	30481	cgccttat
177	12	30482	ctcg
177	12	30483	tgca
177	12	30485	acta
177	12	30487	caga
177	12	30489	aact
177	12	30492	gcgt
177	12	30494	gtaa
177	12	30602	cgat
177	12	30603	accgt
177	12	30604	tcacg
177	12	30605	ctagg
177	12	30609	acaaa
177	12	30610	ttctg
177	12	30613	agccg
177	12	30614	gtatt
177	12	30944	ctgta
177	12	30946	cgctt
177	12	30947	gctta
177	12	30948	ctcg
177	12	30949	ggtgt
177	12	30950	ccagct
177	12	31040	ctcg
177	12	31042	tgca
177	12	31043	acta
177	12	31044	caga
177	12	31045	aact
177	12	31046	gcgt
177	12	31047	gtaa
177	12	31049	cgat
177	12	31050	accgt
177	12	31051	tcacg
177	12	31052	ctagg
177	12	31054	ttctg
177	12	31101	agccg
177	12	31102	gtatt
177	12	31103	ctgta
177	12	31104	cgctt
177	12	31105	gctta
177	12	31106	ggtgt
177	12	31107	ccagct
177	12	31108	ttcaga
177	12	31109	taggaa
177	12	31110	gctcta
177	12	31112	tgcga
177	12	31113	cttcca
177	12	31115	gagata
177	12	31116	atgcct
177	12	31162	tattttt
177	12	31163	cttgctt
177	12	31164	atgaaag
177	12	31165	aaaagtt
177	12	31166	gaattca
177	12	31167	gaacttg
177	12	31168	ggaccta
177	12	31169	gtcgatt
177	12	31170	aacgcct
177	12	31171	aatatgg
177	12	31172	acgactag
177	12	31173	agtgga
177	12	31401	tagcatgg
177	12	31402	ggttgt
177	12	31405	taggccat
177	12	31426	ttcctgga
177	12	31427	tggtacgt
177	12	31428	tctcagtg
177	12	31429	ccggatat
177	12	31430	cgccttat
177	12	31431	ctcg
177	12	31432	tgca
177	12	31433	acta
177	12	31471	tcacg
177	12	31472	ctagg
177	12	31473	acaaa
177	12	31474	ttctg
177	12	31478	ctgta
177	12	31480	cgctt
177	12	31483	ggtgt
177	12	31487	taggaa
177	12	31504	gctcta
177	12	31505	ccacaa
177	12	31506	tgcga
177	12	31683	atgcct
177	12	31686	atgaaag
177	12	31691	ggaccta
177	12	31692	gtcgatt
177	12	35214	aatatgg
177	12	35216	agtgga
177	12	35218	ggttgt
177	12	35219	taggccat
177	12	35247	tggtacgt
183	13	31041	ctagg
183	13	31048	acaaa
183	13	31114	agccg
183	13	31161	gtatt
183	13	31403	ctgta
183	13	31404	cgctt
183	13	31406	gctta
183	13	31407	ggtgt
183	13	31434	caga
183	13	31435	aact
183	13	31436	gcgt
183	13	31437	gtaa
183	13	31438	cgat
183	13	31439	accgt
183	13	31476	agccg
183	13	31477	gtatt
183	13	31481	gctta
183	13	31482	taggaa
183	13	31484	ccagct
183	13	31485	gctcta
183	13	31486	ttcaga
183	13	31501	ccacaa
183	13	31502	tgcga
183	13	31507	gagata
183	13	31508	cttcca
183	13	31682	gagata
183	13	31684	tattttt
183	13	31685	cttgctt
183	13	31687	aaaagtt
183	13	31689	gaattca
183	13	31690	gaacttg
183	13	33701	ctcg
183	13	33702	tgca
183	13	33703	acta
183	13	33704	caga
183	13	33705	aact
183	13	33706	gcgt
183	13	33707	gtaa
183	13	33708	cgat
183	13	33709	accgt
183	13	33710	tcacg
183	13	33711	ctagg
183	13	33712	acaaa
183	13	33713	ttctg
183	13	33714	agccg
183	13	33715	gtatt
183	13	33716	ctgta
183	13	33717	cgctt
183	13	33718	gctta
183	13	33719	ggtgt
183	13	33720	ccagct
183	13	33722	ttcaga
183	13	33723	taggaa
183	13	33725	gctcta
183	13	33726	ccacaa
183	13	33727	tgcga
183	13	33728	cttcca
183	13	33729	gagata
183	13	33730	atgcct
183	13	33731	tattttt
183	13	33732	cttgctt
183	13	33734	atgaaag
183	13	33735	aaaagtt
183	13	33736	gaattca
183	13	33737	gaacttg
183	13	33738	ggaccta
183	13	33739	gtcgatt
183	13	33740	aacgcct
183	13	33741	aatatgg
183	13	33742	acgactag
183	13	33743	agtgga
183	13	33744	tagcatgg
183	13	33745	ggttgt
183	13	33746	taggccat
183	13	33747	ttcctgga
183	13	33748	tggtacgt
183	13	33750	tctcagtg
183	13	33751	ccggatat
183	13	33752	cgccttat
183	13	33753	ctcg
183	13	33754	tgca
183	13	33755	acta
183	13	33756	caga
183	13	33757	aact
183	13	33758	gcgt
183	13	33759	gtaa
183	13	33760	cgat
183	13	33762	accgt
183	13	33763	tcacg
183	13	33765	ctagg
183	13	33766	acaaa
183	13	33767	ttctg
183	13	33768	agccg
183	13	33769	gtatt
183	13	33770	ctgta
183	13	33771	cgctt
183	13	33772	gctta
183	13	33773	ggtgt
183	13	33775	ccagct
183	13	33776	ttcaga
183	13	33777	taggaa
183	13	33779	gctcta
183	13	33784	ccacaa
183	13	33785	tgcga
183	13	33786	cttcca
183	13	33787	gagata
183	13	33788	atgcct
183	13	33790	tattttt
183	13	33791	cttgctt
183	13	33793	atgaaag
183	13	33794	aaaagtt
183	13	33796	gaattca
183	13	33797	gaacttg
183	13	33798	ggaccta
183	13	33799	gtcgatt
183	13	33800	aacgcct
183	13	33856	aatatgg
183	13	33857	acgactag
183	13	33859	agtgga
183	13	33860	tagcatgg
183	13	33861	ggttgt
183	13	33862	taggccat
183	13	33863	ttcctgga
183	13	33864	tggtacgt
183	13	33865	tctcagtg
183	13	33866	ccggatat
183	13	33867	cgccttat
183	13	35215	acgactag
183	13	35217	tagcatgg
183	13	35220	ttcctgga
183	13	35221	tattttt
183	13	35248	tctcagtg
183	13	35249	ccggatat
183	13	35254	caga
183	13	35304	aact
183	13	35305	gcgt
183	13	35306	gtaa
183	13	35307	cgat
183	13	35308	accgt
183	13	35309	tcacg
183	13	35310	ctagg
183	13	35311	acaaa
183	13	35312	ttctg
183	13	35313	agccg
183	13	35314	gtatt
183	13	35315	ctgta
183	13	35316	cgctt
183	13	35317	gctta
183	13	35351	ggtgt
183	13	35352	ccagct
183	13	35353	ttcaga
183	13	35354	taggaa
183	13	35355	gctcta
183	13	35356	ccacaa
183	13	35357	tgcga
183	13	35358	cttcca
183	13	35519	gagata
183	13	35520	atgcct
183	13	35521	tattttt
183	13	35522	cttgctt
183	13	35523	atgaaag
183	13	35526	aaaagtt
183	13	35527	gaattca
183	13	35528	gaacttg
183	13	35529	ggaccta
183	13	35530	gtcgatt
183	13	35531	aacgcct
183	13	35532	aatatgg
183	13	35533	acgactag
183	13	35534	agtgga
183	13	35535	tagcatgg
183	13	35536	ggttgt
183	13	35963	taggccat
183	13	35964	ttcctgga
183	13	35965	tggtacgt
183	13	35966	tctcagtg
183	13	35967	ccggatat
183	13	35968	cgccttat
183	13	35969	ctcg
183	13	35970	tgca
183	13	35971	acta
183	13	35972	caga
183	13	35973	aact
183	13	35974	gcgt
183	13	35975	gtaa
183	13	35976	cgat
183	13	35977	accgt
183	13	35978	tcacg
195	14	33749	agtgga
195	14	33761	tagcatgg
195	14	33764	ggttgt
195	14	33774	taggccat
195	14	33778	ttcctgga
195	14	33782	ccggatat
195	14	33783	cgccttat
195	14	33789	ctcg
195	14	33795	acta
195	14	33852	aact
195	14	33853	gcgt
195	14	33854	gtaa
195	14	33855	cgat
195	14	33858	accgt
195	14	33868	ctcg
195	14	33869	tgca
195	14	33870	acta
195	14	33871	caga
195	14	33872	aact
195	14	33873	gcgt
195	14	33874	gtaa
195	14	33875	cgat
195	14	33876	accgt
195	14	33877	tcacg
195	14	33878	ctagg
195	14	33880	ttctg
195	14	33882	gtatt
195	14	33883	ctgta
195	14	33884	cgctt
195	14	33885	gctta
195	14	33886	ggtgt
195	14	33887	ccagct
195	14	33888	ttcaga
195	14	33889	taggaa
195	14	33890	gctcta
195	14	33891	ccacaa
195	14	33892	tgcga
195	14	33893	cttcca
195	14	33894	gagata
195	14	33895	atgcct
195	14	34453	tattttt
195	14	34454	cttgctt
195	14	34455	atgaaag
195	14	34456	aaaagtt
195	14	34457	gaattca
195	14	34458	gaacttg
195	14	34459	ggaccta
195	14	34460	gtcgatt
195	14	36354	ctcg
195	14	36355	tgca
195	14	36356	acta
195	14	36357	caga
195	14	36358	aact
195	14	36359	gcgt
195	14	36360	gtaa
195	14	36361	cgat
195	14	36362	accgt
195	14	36363	tcacg
195	14	36364	ctagg
195	14	36365	acaaa
195	14	36366	ttctg
195	14	36367	agccg
195	14	36368	gtatt
195	14	36369	ctgta
195	14	36370	cgctt
195	14	36371	gctta
195	14	36372	ggtgt
195	14	36373	ccagct
195	14	36374	ttcaga
195	14	36375	taggaa
195	14	36376	gctcta
195	14	36377	ccacaa
195	14	36378	tgcga
195	14	36379	cttcca
195	14	36380	gagata
195	14	36381	atgcct
195	14	36382	tattttt
195	14	36383	cttgctt
195	14	36384	atgaaag
195	14	36385	aaaagtt
195	14	36386	gaattca
195	14	36387	gaacttg
195	14	36388	ggaccta
195	14	36389	gtcgatt
195	14	36390	aacgcct
195	14	36391	aatatgg
195	14	36392	acgactag
195	14	36393	agtgga
195	14	36394	tagcatgg
195	14	36395	ggttgt
195	14	36396	taggccat
195	14	36397	ttcctgga
195	14	36398	tggtacgt
195	14	36399	tctcagtg
195	14	36400	ccggatat
195	14	36401	cgccttat
195	14	36402	ctcg
195	14	36403	tgca
195	14	36404	acta
195	14	36405	caga
195	14	36406	aact
195	14	36407	gcgt
195	14	36408	gtaa
195	14	36409	cgat
195	14	36410	accgt
195	14	36411	tcacg
195	14	36412	ctagg
195	14	36413	acaaa
195	14	36414	ttctg
195	14	36415	agccg
195	14	36416	gtatt
195	14	36417	ctgta
195	14	36418	cgctt
195	14	36419	gctta
195	14	36420	ggtgt
195	14	36421	ccagct
195	14	36422	ttcaga
195	14	36423	taggaa
195	14	36424	gctcta
195	14	36425	ccacaa
195	14	36426	tgcga
195	14	36427	cttcca
195	14	36428	gagata
195	14	36429	atgcct
195	14	36430	tattttt
195	14	36431	cttgctt
195	14	36432	atgaaag
195	14	36433	aaaagtt
195	14	36434	gaattca
195	14	36435	gaacttg
195	14	36436	ggaccta
195	14	36437	gtcgatt
195	14	36438	aacgcct
195	14	36439	aatatgg
195	14	36440	acgactag
195	14	36441	agtgga
195	14	36442	tagcatgg
195	14	36443	ggttgt
195	14	36444	taggccat
195	14	36445	ttcctgga
195	14	36446	tggtacgt
195	14	36447	tctcagtg
195	14	36448	ccggatat
195	14	36449	cgccttat
195	14	36450	ctcg
195	14	36452	acta
195	14	36454	aact
195	14	36455	gcgt
195	14	36456	gtaa
195	14	36457	cgat
195	14	36458	accgt
195	14	36459	tcacg
195	14	36460	ctagg
195	14	36462	ttctg
195	14	36463	agccg
195	14	36464	gtatt
195	14	36465	ctgta
195	14	36466	cgctt
195	14	36467	gctta
195	14	36468	ggtgt
195	14	36469	ccagct
195	14	36470	ttcaga
195	14	36471	taggaa
195	14	36472	gctcta
195	14	36473	ccacaa
195	14	36474	tgcga
195	14	36475	cttcca
195	14	36476	gagata
195	14	36477	atgcct
195	14	36478	tattttt
195	14	36479	cttgctt
195	14	36480	atgaaag
195	14	36481	aaaagtt
195	14	36482	gaattca
195	14	36483	gaacttg
195	14	36484	ggaccta
195	14	36485	gtcgatt
195	14	36486	aacgcct
195	14	36487	aatatgg
195	14	36488	acgactag
195	14	36489	agtgga
195	14	36490	tagcatgg
195	14	36492	taggccat
195	14	36493	ttcctgga
195	14	36494	tggtacgt
195	14	36495	tctcagtg
195	14	36496	ccggatat
195	14	36497	cgccttat
21	21	36451	tgca
21	21	36453	caga
21	21	36491	ggttgt
21	21	36498	ctcg
21	21	36499	tgca
21	21	36748	acta
21	21	36749	caga
21	21	36750	aact
21	21	36794	gcgt
21	21	36795	gtaa
21	21	36796	cgat
21	21	36797	accgt
21	21	36798	tcacg
21	21	36799	ctagg
21	21	36800	acaaa
21	21	36801	ttctg
21	21	36802	agccg
21	21	36803	gtatt
21	21	36804	ctgta
21	21	36976	cgctt
21	21	36977	gctta
21	21	36978	ggtgt
21	21	36979	ccagct
21	21	36980	ttcaga
21	21	36981	taggaa
21	21	36982	gctcta
21	21	36983	ccacaa
21	21	36984	tgcga
21	21	36985	cttcca
21	21	36986	gagata
21	21	36987	atgcct
21	21	36988	tattttt
21	21	36990	cttgctt
21	21	36991	atgaaag
21	21	36992	aaaagtt
21	21	36993	gaattca
21	21	36994	gaacttg
21	21	36995	ggaccta
21	21	36996	gtcgatt
21	21	36997	aacgcct
21	21	36998	aatatgg
21	21	36999	acgactag
21	21	37000	agtgga
290	22	26580	ctcg
290	22	26581	tgca
290	22	26582	acta
290	22	26583	caga
290	22	26584	aact
290	22	26585	gcgt
290	22	26586	gtaa
290	22	26587	cgat
290	22	26588	accgt
290	22	26589	tcacg
290	22	26590	ctagg
290	22	26591	acaaa
290	22	26592	ttctg
290	22	26593	agccg
290	22	26594	gtatt
290	22	26595	ctgta
290	22	45493	cgctt
290	22	45494	gctta
290	22	45496	ggtgt
290	22	45497	ccagct
290	22	45498	ttcaga
290	22	45499	taggaa
290	22	46001	gctcta
290	22	46002	ccacaa
290	22	46003	tgcga
290	22	46004	cttcca
290	22	46005	gagata
290	22	46006	atgcct
290	22	46007	tattttt
290	22	46008	cttgctt
290	22	46009	atgaaag
290	22	46010	aaaagtt
290	22	46011	gaattca
290	22	46012	gaacttg
290	22	46013	ggaccta
290	22	46014	gtcgatt
290	22	46015	aacgcct
290	22	46016	aatatgg
290	22	46017	acgactag
290	22	46019	agtgga
290	22	46020	tagcatgg
290	22	46022	ggttgt
290	22	46023	taggccat
290	22	46024	ttcctgga
290	22	46025	tggtacgt
290	22	46026	tctcagtg
290	22	46027	ccggatat
290	22	46126	cgccttat
290	22	46127	ctcg
290	22	46128	tgca
290	22	46129	acta
290	22	46130	caga
290	22	46131	aact
290	22	46132	gcgt
290	22	46133	gtaa
290	22	46134	cgat
290	22	46135	accgt
290	22	46136	tcacg
290	22	46137	ctagg
290	22	46138	acaaa
290	22	46139	ttctg
290	22	46140	agccg
290	22	46141	gtatt
290	22	46142	ctgta
290	22	46143	cgctt
290	22	46144	gctta
290	22	46145	ggtgt
290	22	46146	ccagct
290	22	46147	ttcaga
290	22	46148	taggaa
290	22	46149	gctcta
290	22	46150	ccacaa
290	22	46151	tgcga
290	22	46153	cttcca
290	22	46154	gagata
290	22	46155	atgcct
290	22	46156	tattttt
290	22	46157	cttgctt
290	22	46307	atgaaag
290	22	46319	aaaagtt
290	22	46320	gaattca
290	22	46340	gaacttg
290	22	46341	ggaccta
290	22	46344	gtcgatt
290	22	46345	aacgcct
290	22	46348	aatatgg
290	22	46349	acgactag
290	22	46352	agtgga
290	22	46353	tagcatgg
290	22	46356	ggttgt
290	22	46357	taggccat
290	22	46360	ttcctgga
290	22	46361	tggtacgt
290	22	46364	tctcagtg
290	22	46365	ccggatat
290	22	46368	cgccttat
290	22	46372	ctcg
290	22	46386	tgca
290	22	46387	acta
290	22	46388	caga
290	22	46389	aact
290	22	46392	gcgt
290	22	46393	gtaa
290	22	46397	cgat
290	22	46429	accgt
290	22	46430	tcacg
290	22	46433	ctagg
290	22	46434	acaaa
290	22	46437	ttctg
290	22	46438	agccg
290	22	46441	gtatt
290	22	46442	ctgta
290	22	46445	cgctt
290	22	46446	gctta
290	22	46447	ggtgt
290	22	46450	ccagct
290	22	46451	ttcaga
290	22	46454	taggaa
290	22	46455	gctcta
290	22	46457	ccacaa
290	22	46461	tgcga
290	22	46462	cttcca
290	22	46465	gagata
290	22	46466	atgcct
290	22	46469	tattttt
290	22	46470	cttgctt
290	22	46473	atgaaag
290	22	46474	aaaagtt
290	22	46478	gaattca
290	22	46479	gaacttg
290	22	46482	ggaccta
290	22	46483	gtcgatt
290	22	46486	aacgcct
290	22	46487	aatatgg
290	22	46490	acgactag
290	22	46491	agtgga
290	22	46497	tagcatgg
290	22	46498	ggttgt
290	22	46644	taggccat
290	22	46672	ttcctgga
290	22	48304	ccacaa
290	22	48311	ggaccta
290	22	48314	agccg
290	22	48328	gctta
290	22	48332	tgca
290	22	48345	ccagct
290	22	48348	ggttgt
290	22	48352	gcgt
290	22	48352	taggccat
290	22	48353	aatatgg
290	22	48355	atgaaag
290	22	48358	ttcctgga
290	22	48361	cgctt
290	22	48373	tattttt
290	22	48374	gtcgatt
290	22	48377	gtaa
290	22	48379	ccggatat
290	22	48382	ggtgt
290	22	48383	ctagg
290	22	48387	gaattca
290	22	48409	ctgta
290	22	48411	cttcca
290	22	48412	aaaagtt
290	22	48423	agtgga
290	22	48425	cgat
290	22	48439	tggtacgt
290	22	48444	gagata
290	22	48475	acaaa
290	22	48478	gtatt
290	22	48494	aact
290	22	49008	gctcta
290	22	49011	tgcga
290	22	49012	cttgctt
290	22	49019	acta
290	22	49032	gaacttg
290	22	49035	tctcagtg
290	22	49255	accgt
290	22	49259	tcacg
290	22	49263	cgccttat
290	22	49274	ttcaga
290	22	49278	ctcg
290	22	49282	acgactag
290	22	49286	aacgcct
290	22	49293	taggaa
290	22	49294	caga
290	22	49404	ttctg
290	22	49405	atgcct
290	22	49409	tagcatgg
290	22	46369/71	tggtacgt
290	22	46640/42	tctcagtg
291	23	46695	tagcatgg
291	23	48305	tagcatgg
291	23	48306	tcacg
291	23	48316	taggccat
291	23	48325	gtaa
291	23	48326	ttctg
291	23	48331	cgctt
291	23	48337	acta
291	23	48342	gaacttg
291	23	48344	ctcg
291	23	48347	gagata
291	23	48362	caga
291	23	48365	gctcta
291	23	48366	aaaagtt
291	23	48369	cttcca
291	23	48370	tctcagtg
291	23	48373	gaacttg
291	23	48381	acaaa
291	23	48384	ggtgt
291	23	48390	tggtacgt
291	23	48391	tcacg
291	23	48394	cgctt
291	23	48395	taggccat
291	23	48398	agccg
291	23	48399	tattttt
291	23	48402	tcacg
291	23	48406	taggaa
291	23	48408	cgccttat
291	23	48416	tgcga
291	23	48417	aact
291	23	48420	gctta
291	23	48426	agtgga
291	23	48432	ccagct
291	23	48436	aacgcct
291	23	48441	tctcagtg
291	23	48443	gtcgatt
291	23	48445	gtatt
291	23	48447	ctagg
291	23	48449	tgcga
291	23	48452	cttgctt
291	23	48456	ctagg
291	23	48464	gaattca
291	23	48468	acaaa
291	23	48468	accgt
291	23	48472	cttgctt
291	23	48473	ccacaa
291	23	48477	cgccttat
291	23	48479	gcgt
291	23	48482	ctgta
291	23	48486	acta
291	23	48489	ggtgt
291	23	48490	ccggatat
291	23	48495	gtaa
291	23	48496	aact
291	23	49003	acgactag
291	23	49004	ggttgt
291	23	49007	gtatt
291	23	49015	gctcta
291	23	49016	aatatgg
291	23	49020	agccg
291	23	49024	ctagg
291	23	49025	acgactag
291	23	49026	aact
291	23	49027	ggaccta
291	23	49028	gctta
291	23	49036	agtgga
291	23	49040	atgaaag
291	23	49041	ttcctgga
291	23	49045	tgcga
291	23	49048	aaaagtt
291	23	49052	atgcct
291	23	49055	caga
291	23	49056	aatatgg
291	23	49210	ggtgt
291	23	49211	gaattca
291	23	49213	gtcgatt
291	23	49214	acta
291	23	49217	atgcct
291	23	49218	caga
291	23	49221	gagata
291	23	49222	atgaaag
291	23	49226	ctgta
291	23	49229	taggaa
291	23	49230	ttctg
291	23	49231	ctcg
291	23	49233	cgctt
291	23	49234	cgat
291	23	49237	ccacaa
291	23	49238	aacgcct
291	23	49240	cttcca
291	23	49243	ccggatat
291	23	49245	ttcaga
291	23	49246	ggaccta
291	23	49249	ttctg
291	23	49251	accgt
291	23	49254	tggtacgt
291	23	49258	tgca
291	23	49262	acaaa
291	23	49266	cgat
291	23	49267	ttcctgga
291	23	49270	tgca
291	23	49287	gtaa
291	23	49289	gtatt
291	23	49290	ccacaa
291	23	49297	cgat
291	23	49298	tattttt
291	23	49401	ccagct
291	23	49408	tgca
291	23	49414	agccg
291	23	49416	ccagct
291	23	49417	taggaa
291	23	49424	ttcaga
291	23	49426	gcgt
291	23	49427	aatatgg
291	23	49430	cgccttat
291	23	49431	gctcta
291	23	49432	cgctt
291	23	49435	agtgga
291	23	49436	taggccat
291	23	49439	agccg
291	23	49440	ttctg
291	23	49447	ggttgt
291	23	49448	gctta
291	23	49451	accgt
291	23	49452	ttcaga
291	23	49453	gctcta
291	23	49456	ctgta
291	23	49461	gaacttg
291	23	49462	aaaagtt
291	23	49466	tcacg
291	23	49467	ttcctgga
291	23	49470	tgcga
291	23	49471	atgcct
291	23	49475	acgactag
291	23	49476	gagata
291	23	49482	tagcatgg
291	23	49485	gagata
291	23	49486	gtaa
291	23	49487	gcgt
291	23	49494	aact
291	23	49498	cgctt
291	23	49499	ctcg
291	23	50102	caga
291	23	50106	acaaa
291	23	50114	atgaaag
291	23	50115	gcgt
291	23	50122	tggtacgt
291	23	50125	gctta
291	23	50131	ggtgt
291	23	50132	gtcgatt
291	23	50137	ttcaga
291	23	50140	tggtacgt
291	23	50146	acgactag
291	23	50147	tattttt
291	23	50148	tattttt
291	23	50151	tctcagtg
291	23	50152	aatatgg
291	23	50153	ggaccta
291	23	50156	gcgt
291	23	50158	ccagct
291	23	50159	ccacaa
291	23	50163	ctgta
291	23	50164	ggtgt
291	23	50182	cttcca
291	23	50185	aacgcct
291	23	50189	cttcca
291	23	50190	ccggatat
291	23	50191	ctagg
291	23	50198	gctta
291	23	50201	acta
291	23	50202	tgca
291	23	50206	gtatt
291	23	50210	ccagct
291	23	50211	gaattca
291	23	50216	tctcagtg
291	23	50223	taggccat
291	23	50225	caga
291	23	50226	gaattca
291	23	50230	gtcgatt
291	23	50235	ctgta
291	23	50237	aact
291	23	50238	ttcaga
291	23	50241	cgat
291	23	50242	accgt
291	23	50248	tagcatgg
291	23	50255	acaaa
291	23	50258	cttgctt
291	23	50259	ggttgt
291	23	50262	ctcg
291	23	50265	agccg
291	23	50266	atgaaag
291	23	50269	taggaa
291	23	50279	gctcta
152	28	50076	tgcga
152	28	50076	tgcga
152	28	50092	atgcct
152	28	50092	atgcct
152	28	50094	ctcg
152	28	50094	ctcg
152	28	50201	aacgcct
152	28	50201	aacgcct
152	28	50474	ccacaa
152	28	50474	ccacaa
152	28	50482	caga
152	28	50482	caga
152	28	50486	gcgt
152	28	50486	gcgt
152	28	50490	tctcagtg
152	28	50490	tctcagtg
152	28	50491	tagcatgg
152	28	50491	tagcatgg
152	28	50494	ttcaga
152	28	50494	ttcaga
152	28	50500	aaaagtt
152	28	50500	aaaagtt
152	28	50708	acgactag
152	28	50708	acgactag
152	28	50731	cgccttat
152	28	50731	cgccttat
152	28	50736	taggccat
152	28	50736	taggccat
152	28	50746	tgca
152	28	50746	tgca
152	28	50775	acta
152	28	50775	acta
152	28	50784	aatatgg
152	28	50784	aatatgg
152	28	50794	ggtgt
152	28	50794	ggtgt
152	28	50795	ctgta
152	28	50795	ctgta
152	28	50799	tggtacgt
152	28	50799	tggtacgt
152	28	51211	gtcgatt
152	28	51211	gtcgatt
152	28	51240	accgt
152	28	51240	accgt
152	28	51247	gctcta
152	28	51247	gctcta
152	28	51257	ctagg
152	28	51257	ctagg
154	28	56228	tggtacgt
NA	28	LGSM F1-26874	cttcca
154	28	54851	ccggatat
154	28	56276	tgcga
154	28	56203	gtcgatt
154	28	54393	taggccat
154	28	56279	acgactag
154	28	56275	ttcctgga
154	28	56207	gctcta
154	28	54854	gtaa
154	28	LG-45915	gagata
154	28	56220	cgctt
154	28	56260	ccacaa
154	28	56237	aact
154	28	56280	gctta
154	28	56249	aatatgg
154	28	SM-45943	ctgta
154	28	56273	tcacg
154	28	56284	ccagct
154	28	54895	ctcg
154	28	54875	ctagg
154	28	56268	tattttt
154	28	54883	agccg
154	28	56257	tagcatgg
154	28	54824	cgccttat
154	28	54397	aaaagtt
154	28	54822	ttcctgga
154	28	54809	ccggatat
154	28	54836	gaacttg
154	28	54891	cttcca
154	28	SM-45946	atgcct
154	28	56245	aatatgg
154	28	56212	aacgcct
NA	28	LGSM F1-26874	atgaaag
154	28	54842	ggttgt
154	28	LG-45915	gaattca
154	28	54385	tagcatgg
154	28	56211	cttgctt
154	28	54389	tctcagtg
154	28	54817	gagata
154	28	54386	tgcga
154	28	54879	ggaccta
154	28	54384	gtcgatt
154	28	54805	acgactag
154	28	56224	taggccat
154	28	54841	agtgga
154	28	54379	tggtacgt
154	28	54376	tattttt
154	28	54816	gaattca
154	28	54853	aatatgg
154	28	54862	taggccat
154	28	56241	gaacttg
154	28	SM-45946	tattttt
154	28	54848	agtgga
154	28	54867	tgcga
154	28	56256	atgcct
154	28	56204	aacgcct
154	28	LG-45915	atgaaag
154	28	56252	ggaccta
154	28	54827	ccggatat
154	28	54383	ggttgt
154	28	54835	cttcca
154	28	54818	ttcctgga
NA	28	LGSM F1-26874	tagcatgg
154	28	54900	gagata
154	28	56208	acgactag
154	28	56227	tggtacgt
154	28	56235	cgccttat
154	28	54390	gtcgatt
154	28	56231	aaaagtt
154	28	56272	tctcagtg
154	28	54379	cttgctt
154	28	48305	atgcct
154	28	46020	ggttgt
154	28	46319	tagcatgg
154	28	46465	atgaaag
154	28	49416	cttgctt
154	28	46349	tgcga
154	28	LG-45915	cttcca
154	28	49409	gagata
154	28	49221	gtcgatt
154	28	46023	ccggatat
154	28	46491	aaaagtt
154	28	46695	tggtacgt
154	28	49409	gaattca
154	28	SM-45946	aacgcct
154	28	46490	cgccttat
154	28	46005	taggccat
154	28	45497	gaacttg
154	28	46356	tattttt
NA	28	LGSM F1-26874	ttcctgga
154	28	46017	tctcagtg
154	28	46352	ggaccta
154	28	46319	aatatgg
154	28	48347	agtgga
154	28	46497	acgactag
154	28	48366	gaacttg
154	28	46135	cttcca
154	28	49003	cttgctt
154	28	48366	atgcct
154	28	46450	tggtacgt
154	28	46154	aatatgg
154	28	46022	tctcagtg
154	28	49451	cgccttat
154	28	SM-45946	tgcga
154	28	46429	ttcctgga
154	28	49025	ggttgt
154	28	26588	taggccat
154	28	48348	gtcgatt
154	28	48432	tagcatgg
NA	28	LGSM F1-26874	aaaagtt
154	28	46019	ggaccta
154	28	49282	tattttt
154	28	48384	aacgcct
154	28	49251	atgaaag
154	28	46353	gagata
154	28	46498	ccggatat
154	28	LG-45915	agtgga
154	28	49213	gaattca
154	28	48444	acgactag
