id	ppi.weight	ppi.age
26580	30.3	71
26581	32.4	71
26582	33.0	68
26583	32.3	68
26584	32.4	68
26585	26.0	68
26586	26.1	70
26587	22.8	70
26588	25.5	69
26589	28.8	69
26590	22.3	70
26591	27.7	70
26592	30.4	70
26593	22.9	70
26594	28.4	70
26595	26.2	70
45493	19.3	71
45494	28.6	71
45496	30.0	64
45497	25.6	64
45498	24.3	65
45499	26.6	64
46001	25.1	64
46002	19.8	64
46003	27.2	64
46004	27.6	65
46005	21.0	65
46006	31.2	65
46007	33.3	65
46008	19.5	64
46009	33.0	64
46010	36.0	64
46011	26.8	64
46012	30.7	64
46013	22.1	64
46014	26.5	64
46015	31.3	64
46016	36.4	65
46017	22.9	65
46019	28.4	65
46020	34.8	65
46023	28.8	65
46024	27.5	65
46027	27.5	63
46126	30.5	63
46127	19.4	63
46128	42.3	82
46129	31.2	82
46130	30.2	63
46131	24.7	63
46132	31.5	63
46133	23.8	63
46134	31.0	63
46135	23.5	63
46136	29.3	63
46137	24.5	63
46138	29.6	63
46139	21.7	63
46140	26.9	63
46141	19.5	63
46142	28.7	63
46143	19.6	63
46144	26.3	63
46145	23.0	63
46146	25.6	63
46147	17.3	63
46148	27.4	63
46149	21.9	63
46150	28.0	63
46151	21.1	63
46152	29.6	63
46153	22.4	63
46154	22.8	63
46155	16.9	63
46156	34.0	79
46157	25.9	79
46307	19.8	71
46319	20.6	64
46320	26.3	64
46341	19.6	69
46345	22.5	70
46349	18.4	69
46353	25.6	69
46356	40.0	69
46357	19.6	69
46360	27.9	69
46361	26.0	69
46364	32.2	68
46365	20.5	68
46368	29.7	69
46369	25.5	69
46372	34.6	68
46386	30.1	69
46388	28.2	71
46389	20.5	71
46392	40.8	69
46393	27.0	69
46397	21.3	71
46429	27.8	76
46430	40.0	76
46433	21.7	72
46434	26.0	72
46437	22.6	72
46438	31.6	72
46442	29.5	72
46445	20.5	66
46446	30.4	72
46447	24.2	72
46450	32.5	71
46451	23.8	71
46454	38.7	72
46455	26.0	72
46457	19.3	72
46458	29.2	72
46461	21.9	72
46462	33.9	72
46465	20.0	72
46466	28.8	71
46469	22.6	71
46470	28.0	71
46473	19.8	71
46474	31.7	72
46478	34.5	69
46479	24.8	69
46482	30.1	68
46483	22.6	68
46486	26.9	69
46487	17.9	69
46490	26.6	69
46491	24.0	69
46497	22.8	71
46498	26.7	71
46640	35.7	67
46641	26.6	67
46644	28.6	66
46645	20.5	66
46672	27.3	60
46675	20.5	60
46695	23.0	71
48290	20.6	61
48304	29.1	71
48305	23.7	71
48306	35.3	71
48311	26.0	69
48313	22.8	69
48314	28.9	69
48316	36.6	69
48325	21.8	69
48326	29.9	71
48328	28.3	69
48331	22.9	71
48332	30.8	69
48337	25.5	69
48342	34.0	70
48344	28.1	67
48345	24.2	67
48347	21.6	68
48348	26.6	68
48352	31.1	68
48353	20.7	68
48355	21.2	65
48358	28.8	65
48361	22.0	69
48362	29.0	69
48365	23.0	69
48366	29.3	69
48369	18.3	68
48370	27.0	68
48373	20.7	70
48374	24.1	70
48377	22.9	67
48379	23.9	69
48381	20.4	69
48382	30.2	67
48383	21.0	69
48384	27.5	69
48387	18.3	65
48390	26.1	69
48391	25.2	69
48394	28.6	69
48395	21.6	68
48398	21.7	65
48399	21.1	69
48402	29.2	69
48406	30.4	68
48408	23.6	69
48409	21.3	67
48411	22.2	71
48412	26.9	67
48416	31.5	71
48417	21.2	65
48420	29.2	68
48423	22.2	61
48425	23.0	59
48426	28.3	61
48432	24.9	59
48436	25.9	69
48439	18.6	69
48441	24.6	69
48443	21.1	69
48444	22.4	69
48445	15.6	69
48447	19.9	69
48449	21.8	69
48452	28.6	69
48456	31.6	69
48464	37.6	69
48468	31.2	68
48472	24.7	68
48473	20.4	68
48475	21.5	68
48477	21.7	67
48478	20.0	68
48479	21.3	68
48482	30.1	68
48486	29.1	68
48489	23.9	69
48490	30.4	68
48494	30.5	67
48495	19.9	68
48496	28.7	68
49003	18.3	67
49004	27.9	69
49007	26.9	67
49008	30.9	68
49011	27.2	67
49012	24.1	67
49015	21.5	67
49016	30.7	67
49019	23.2	67
49020	32.8	67
49024	27.4	67
49025	20.8	66
49026	25.9	67
49027	21.3	66
49028	33.8	66
49031	23.2	66
49032	30.1	66
49035	19.4	66
49036	34.7	66
49040	28.0	66
49041	19.7	66
49045	27.1	66
49048	26.7	66
49052	25.4	66
49055	37.4	70
49056	32.3	70
49210	27.4	65
49211	21.6	65
49213	23.2	64
49214	24.2	64
49217	21.8	64
49218	27.1	64
49221	20.4	64
49222	27.0	64
49226	27.2	65
49229	20.3	65
49230	22.2	65
49231	25.5	65
49233	21.8	64
49234	24.9	64
49237	26.6	63
49238	28.1	63
49240	26.3	64
49243	18.4	64
49245	21.6	63
49246	26.6	63
49249	23.9	63
49251	20.3	64
49254	24.6	64
49255	24.0	64
49258	23.3	64
49259	21.5	63
49262	24.9	63
49263	21.4	63
49266	22.7	63
49267	23.6	64
49270	27.8	64
49274	30.8	64
49278	26.9	63
49282	29.3	63
49286	27.1	62
49287	17.7	62
49289	20.0	61
49293	22.5	61
49294	27.0	61
49297	20.9	62
49298	29.2	62
49383	19.6	63
49401	21.7	62
49404	32.4	62
49405	20.5	62
49408	34.8	62
49409	20.6	59
49414	25.2	75
49416	25.7	59
49417	20.7	75
49424	32.6	83
49426	19.9	66
49427	24.4	64
49430	36.9	64
49431	20.1	64
49432	28.6	64
49435	19.6	64
49436	25.0	64
49439	22.8	64
49440	31.6	64
49447	27.7	64
49448	33.3	64
49451	26.5	64
49452	37.4	64
49453	25.7	64
49456	26.4	64
49461	21.9	63
49462	35.5	63
49466	30.3	63
49467	18.2	63
49470	30.4	62
49471	21.1	62
49472	23.2	63
49475	19.4	63
49476	29.7	63
49479	19.7	63
49482	30.9	62
49485	20.6	62
49486	28.5	62
49487	21.9	62
49490	18.5	62
49494	30.0	62
49497	16.5	62
49498	26.1	64
49499	20.2	62
50076	26.8	67
50078	25.0	66
50085	20.0	66
50086	31.9	66
50092	25.7	67
50094	26.1	60
50095	23.7	67
50099	20.9	60
50100	30.9	63
50102	26.7	64
50103	19.6	64
50106	24.5	63
50107	21.5	64
50112	21.5	63
50114	22.9	62
50115	17.9	63
50118	29.1	64
50119	15.0	62
50121	23.6	64
50125	17.3	63
50129	25.1	64
50131	17.7	63
50132	29.2	64
50134	24.2	63
50137	22.2	63
50140	29.6	63
50143	23.2	62
50146	33.8	62
50147	26.3	54
50148	32.9	54
50150	33.7	68
50151	33.8	68
50152	32.4	68
50153	23.2	68
50156	39.3	68
50158	27.9	68
50159	19.5	68
50163	20.3	68
50164	28.2	68
50168	24.4	68
50172	31.7	67
50182	25.4	67
50185	22.4	67
50186	30.2	67
50189	25.4	65
50190	34.1	67
50191	24.3	67
50194	28.4	67
50195	18.4	67
50198	21.5	67
50201	20.8	66
50202	27.0	66
50205	21.2	66
50206	24.5	66
50210	22.1	66
50211	19.7	67
50216	27.0	67
50217	19.4	67
50220	29.1	66
50223	20.7	66
50225	17.1	66
50226	23.7	66
50230	26.6	66
50234	22.0	66
50235	18.6	66
50237	21.0	67
50238	19.9	66
50241	21.0	66
50242	32.2	66
50245	26.7	67
50248	28.7	66
50252	29.3	67
50253	19.5	66
50255	20.1	67
50258	26.0	66
50259	21.0	66
50262	24.8	65
50265	19.9	65
50266	28.4	63
50269	27.3	63
50279	20.8	53
50282	29.1	71
50286	33.2	71
50288	35.2	70
50293	18.2	69
50296	32.5	69
50299	25.9	66
50300	38.3	66
50303	22.8	66
50304	28.8	66
50310	33.6	66
50311	23.2	61
50315	23.4	61
50316	34.6	61
50322	30.9	61
50326	39.8	61
50327	23.1	61
50330	32.1	61
50333	22.1	61
50335	23.0	61
50336	25.8	61
50340	27.3	61
50341	20.7	59
50344	32.4	59
50345	27.9	59
50348	37.2	59
50351	20.2	59
50354	29.8	59
50355	20.2	59
50358	27.0	59
50359	28.8	59
50364	30.9	58
50365	22.6	58
50369	24.4	58
50370	29.9	58
50374	26.0	58
50375	20.5	58
50377	23.4	59
50382	32.2	55
50383	25.4	55
50385	28.6	56
50386	27.9	56
50390	30.5	56
50391	21.1	56
50396	37.3	55
50397	22.3	55
50404	26.9	55
50405	19.4	55
50406	27.1	55
50407	20.5	55
50411	23.0	54
50412	31.6	54
50417	24.1	54
50419	20.2	50
50420	26.8	54
50421	33.7	51
50429	20.5	49
50430	30.6	51
50431	20.8	44
50432	26.0	49
50474	29.9	68
50475	23.5	68
50478	28.5	68
50479	20.0	68
50482	29.3	69
50485	23.5	69
50486	30.1	69
50487	24.1	69
50490	27.6	68
50491	20.0	68
50494	28.1	68
50496	29.2	69
50497	26.2	68
50500	26.2	68
50701	23.0	69
50703	21.6	68
50704	24.7	69
50707	20.4	69
50708	30.2	70
50712	25.3	68
50714	40.2	68
50715	20.5	70
50719	23.5	68
50722	30.1	69
50723	25.4	68
50728	27.9	68
50729	19.9	69
50731	20.9	68
50735	20.2	67
50736	27.5	67
50740	28.7	67
50741	20.8	67
50744	33.1	67
50745	23.8	67
50746	25.4	67
50749	22.3	67
50752	35.0	67
50753	21.7	67
50755	22.5	67
50756	27.8	67
50760	38.2	67
50763	29.5	67
50764	32.6	67
50767	25.1	67
50770	27.6	67
50771	23.4	67
50774	27.2	67
50775	21.0	67
50778	27.7	67
50779	22.8	67
50784	29.0	67
50787	20.4	67
50788	30.8	67
50792	21.2	67
50793	22.2	67
50794	26.1	67
50795	23.1	67
50797	23.6	66
50798	24.9	66
50799	23.4	66
51201	25.0	71
51202	28.8	69
51204	32.7	71
51205	22.7	70
51209	29.4	70
51210	32.1	70
51211	18.2	69
51216	40.0	70
51219	27.1	69
51220	21.3	69
51221	23.4	70
51223	18.8	69
51224	30.9	69
51228	35.5	70
51229	22.2	69
51233	24.2	68
51234	24.8	69
51236	35.0	69
51239	22.0	69
51240	30.6	68
51241	27.9	68
51243	22.3	68
51244	30.1	69
51245	23.0	69
51247	16.6	68
51250	39.1	68
51254	29.1	69
51257	26.5	70
51258	27.3	68
51259	19.5	68
51262	29.9	70
51263	26.3	67
51268	21.2	68
51272	28.2	68
51275	18.3	67
51276	32.4	67
51277	19.9	67
51280	27.6	67
51281	23.0	68
51283	20.8	67
51284	23.9	68
51288	29.4	67
51289	22.9	67
51291	23.0	66
51294	25.1	67
51295	18.4	67
51297	22.1	63
51302	28.1	66
51303	16.7	59
51304	29.0	67
51307	16.4	66
51308	26.8	63
51309	23.3	59
51313	26.6	91
51319	23.7	91
51324	32.1	71
51327	31.6	71
51328	30.9	69
51329	23.8	69
51334	30.7	68
51335	24.6	68
51338	29.1	68
51339	24.7	68
51342	23.8	68
51345	20.0	68
51346	36.8	68
51349	24.7	68
51350	28.4	69
51351	22.8	69
51355	20.7	68
51356	27.7	68
51359	22.4	68
51360	31.9	68
51361	19.0	68
51364	29.2	68
51367	23.3	68
51368	32.0	68
51371	21.4	69
51372	28.7	69
51375	22.2	68
51376	26.6	68
51377	27.2	68
51380	28.7	68
51383	19.1	NA
51384	31.7	NA
51387	21.2	67
51388	23.6	67
51392	30.7	67
51395	19.3	67
51396	31.8	66
51399	23.9	66
51400	37.0	66
51420	25.7	86
51454	35.3	NA
51455	28.4	66
51461	23.5	86
51463	30.4	NA
51602	21.4	76
51603	18.0	76
51604	22.0	71
51607	22.1	71
51608	27.2	69
51609	19.1	69
51613	18.3	69
51614	28.5	69
51616	26.9	69
51618	31.2	69
51621	20.3	69
51624	24.1	69
51627	23.6	68
51628	28.8	68
51631	18.9	68
51634	25.6	68
51641	20.5	67
51642	27.6	67
51644	33.0	66
51645	22.1	66
51648	30.2	66
51651	26.4	66
51654	27.0	63
51656	34.0	57
51657	19.7	63
51660	30.7	70
51661	22.1	57
51662	28.5	70
51665	25.9	70
51666	28.7	69
51669	22.2	70
51672	40.1	67
51673	23.4	69
51676	27.6	68
51681	32.1	67
51682	31.2	68
51683	22.3	68
51686	22.8	67
51689	20.6	68
51690	25.2	67
51693	19.6	67
51694	35.2	67
51695	17.7	67
51698	24.7	67
51699	22.4	67
51700	34.5	67
51705	25.5	67
51706	30.3	68
51709	18.5	67
51710	31.7	68
51713	21.1	68
51714	29.4	69
51717	20.2	68
51718	23.6	67
51722	29.9	67
51723	20.3	67
51727	16.8	69
51728	32.1	68
51731	22.0	67
51734	28.6	67
51737	23.8	67
51738	26.4	67
51739	21.2	68
51742	31.1	67
51745	19.8	67
51746	29.4	67
51747	24.3	67
51748	27.5	66
51752	36.1	66
51753	24.8	67
51756	28.2	66
51759	19.8	66
51760	23.4	66
51764	32.2	66
51765	19.3	66
51767	20.0	66
51770	29.4	66
51771	23.2	66
51774	28.5	66
51775	22.0	66
51778	27.2	66
51779	23.1	66
51782	27.1	64
51785	23.8	66
51791	23.4	66
51794	20.5	59
51795	23.1	64
51801	19.2	59
51804	23.0	49
51810	26.7	68
51811	19.2	49
51812	31.3	67
51813	24.8	68
51815	25.3	67
51816	27.7	66
51819	20.1	66
51820	26.7	66
51823	23.8	66
51828	24.0	66
51829	19.0	66
51831	23.5	66
51832	32.6	66
51833	22.0	66
51836	29.4	66
51839	19.9	65
51840	24.9	65
51842	25.6	65
51845	21.3	65
51847	18.0	66
51850	26.5	66
51853	21.5	65
51854	27.8	65
51857	21.0	65
51858	29.4	65
51863	25.7	65
51866	29.7	65
51867	21.2	65
51870	28.2	65
51871	23.1	64
51875	24.8	63
51876	37.6	64
51877	25.2	108
51878	28.5	63
51881	32.8	108
51882	36.9	108
51883	23.1	107
51886	39.7	108
51890	30.5	107
51891	26.3	101
51892	35.7	101
51896	40.1	99
51897	24.5	99
51901	23.0	97
51902	34.4	97
51905	24.0	95
51906	28.4	95
51910	31.3	95
51911	22.6	95
51913	23.2	91
51914	36.3	91
51916	24.8	84
51920	29.1	82
51923	19.8	84
51924	28.2	83
51927	23.6	82
51930	34.6	83
51933	22.6	83
51935	26.5	83
51936	28.9	81
51940	27.3	82
51941	21.7	81
51944	31.6	82
51947	24.5	82
51949	19.4	82
51950	26.8	81
51953	22.2	81
51956	31.0	82
51959	18.5	82
51961	22.5	82
51962	29.1	82
51965	17.4	82
51966	27.5	82
51971	27.2	82
51972	31.9	82
51976	25.1	82
51979	18.5	82
51980	25.6	81
51981	20.6	81
51982	26.4	82
51984	31.0	80
51987	27.3	80
51991	21.5	80
51992	26.4	80
51993	23.8	80
51994	26.2	80
51997	26.8	81
51998	24.8	79
52000	23.5	78
52003	25.6	79
52004	39.4	78
52009	18.0	78
52011	25.3	78
52012	29.2	78
52014	31.8	78
52015	15.8	78
52018	34.0	77
52019	23.6	78
52022	32.1	77
52026	33.3	77
52027	26.0	77
52030	29.7	77
52031	27.9	77
52035	18.1	77
52036	40.1	112
52040	42.6	112
52041	22.3	112
52044	45.9	112
52045	24.7	112
52048	26.6	73
52049	39.4	112
52053	24.2	119
52055	20.3	89
52058	28.4	73
52059	22.8	73
52062	34.2	73
52063	23.0	73
52066	34.9	73
52067	25.1	73
52071	21.1	73
52072	20.2	73
52073	17.2	73
52076	34.8	68
52077	25.7	68
52079	21.8	68
52081	16.6	68
52083	21.4	68
52088	29.5	68
52092	29.9	68
52093	22.9	68
52096	39.1	68
52099	18.1	68
52100	25.5	68
52101	20.2	72
52102	31.6	72
52103	25.6	72
52107	23.6	72
52108	33.4	72
52109	24.3	72
52112	38.1	72
52115	23.3	74
52116	33.3	74
52117	21.4	72
52120	28.3	72
52123	20.5	74
52124	28.5	74
52127	22.4	73
52131	25.8	73
52132	23.3	73
52136	31.6	73
52138	41.9	72
52139	26.2	71
52144	27.2	71
52145	19.5	71
52149	22.0	70
52150	23.9	71
52152	34.1	70
52153	23.5	71
52156	32.6	71
52159	24.1	71
52161	22.7	71
52162	23.4	71
52164	32.0	71
52165	19.6	71
52168	30.8	71
52169	20.9	70
52173	24.3	66
52174	29.5	70
52175	25.2	69
52177	21.1	67
52178	32.2	69
52180	24.9	67
52182	35.6	68
52185	20.0	66
52186	30.5	66
52191	19.9	81
52192	29.1	66
52193	21.5	70
52197	22.5	70
52198	29.2	69
54100	31.9	68
54104	22.2	68
54105	22.4	68
54106	25.9	68
54109	22.8	68
54113	20.9	68
54114	32.7	68
54116	25.4	68
54117	20.0	68
54121	20.1	68
54124	29.1	68
54125	19.9	68
54126	27.3	68
54130	31.8	68
54131	16.7	68
54133	16.5	67
54134	33.5	68
54138	23.1	67
54139	23.6	67
54141	20.9	68
54142	23.1	67
54146	28.1	67
54147	21.1	67
54149	22.8	67
54150	29.4	67
54153	22.0	67
54154	38.3	67
54157	18.8	67
54158	32.7	67
54161	21.0	81
54164	25.5	67
54165	20.2	70
54166	26.7	67
54169	23.1	70
54170	34.2	63
54173	19.3	70
54176	23.9	66
54178	30.5	63
54179	23.4	70
54182	30.6	66
54183	19.2	68
54186	27.6	70
54187	29.0	70
54190	25.2	69
54193	27.0	103
54194	37.0	98
54196	47.1	103
54198	35.1	92
54199	27.5	98
54201	25.8	92
54207	27.7	115
54209	21.9	77
54213	27.5	77
54216	35.0	77
54217	22.3	77
54220	36.6	77
54221	23.9	77
54226	31.8	77
54227	25.7	77
54229	24.1	77
54230	35.8	76
54233	24.4	77
54234	27.9	76
54237	28.7	76
54238	29.8	76
54240	35.6	77
54243	19.8	76
54244	31.3	75
54245	29.1	76
54248	27.9	75
54249	25.6	77
54252	31.0	75
54253	26.7	75
54256	32.0	75
54257	22.2	75
54260	30.7	75
54261	23.2	75
54266	26.3	74
54267	19.5	75
54269	22.9	75
54270	37.8	73
54274	33.1	73
54276	31.6	73
54277	23.7	74
54279	27.6	73
54282	33.8	74
54283	23.4	73
54284	30.9	74
54289	18.9	73
54290	40.3	74
54291	32.3	74
54294	39.1	74
54295	21.3	74
54298	30.3	71
54299	28.5	74
54300	32.7	71
54303	26.4	74
54304	36.5	75
54307	24.4	71
54310	25.3	71
54311	25.5	71
54315	28.1	75
54316	34.9	71
54319	23.3	71
54320	NA	81
54323	23.4	71
54320	36.5	81
54324	31.3	80
54327	21.1	81
54331	24.8	80
54336	33.0	78
54340	31.1	78
54346	30.4	74
54350	37.2	75
54343	23.3	78
54347	22.8	78
54353	22.8	74
54357	22.0	75
54352	28.3	67
54360	29.9	63
54359	22.8	67
54363	21.6	63
54368	22.0	60
54372	26.0	60
54367	20.1	60
54371	21.0	60
54330	26.9	76
54332	32.9	78
54335	21.9	76
54339	27.5	78
54375	23.1	78
54379	20.8	78
54383	24.7	77
54385	21.9	77
54389	21.9	77
54376	24.0	78
54380	28.1	78
54384	29.8	77
54388	32.0	77
54390	28.3	77
54396	29.4	77
54398	25.1	77
54809	21.7	76
54813	26.0	76
54817	19.3	76
54821	21.2	75
54827	27.0	76
54808	28.3	76
54812	28.5	76
54816	27.0	76
54818	35.5	76
54822	35.0	75
54829	NA	67
54835	NA	67
54841	NA	76
54847	NA	69
54851	NA	67
54824	24.0	67
54830	26.8	67
54836	29.5	76
54842	26.2	69
54848	24.7	67
54853	19.6	67
54859	25.1	67
54854	26.6	67
54862	24.3	67
54393	24.6	102
54397	21.7	102
54805	29.7	NA
54863	27.0	77
54867	17.4	77
54871	20.7	80
54875	23.4	77
54864	36.1	77
54868	26.2	77
54872	24.9	80
54876	37.6	77
54879	25.5	77
54883	21.9	77
54887	25.4	77
54891	23.9	77
54880	27.0	77
54884	29.3	77
54888	30.7	77
54892	26.4	77
54896	33.2	77
54900	32.0	76
56204	33.0	76
56208	34.2	76
56207	24.9	75
56211	27.9	75
56215	19.9	75
56219	20.8	75
56212	31.7	75
56216	42.2	75
56220	25.2	75
56224	22.9	75
56223	23.8	75
56227	20.5	74
56231	21.7	75
56235	21.9	75
56228	25.7	75
56232	27.0	74
56236	31.2	75
56240	29.2	75
56237	27.6	75
56241	22.3	75
56245	21.6	77
56249	27.6	74
56244	41.1	75
56248	36.1	75
56252	30.8	77
56256	31.2	74
56253	22.7	75
56257	22.4	75
56261	21.6	75
56265	22.9	74
56260	27.9	75
56264	31.7	75
56268	34.8	75
56272	27.2	74
56273	26.2	74
56275	18.5	75
56279	22.4	75
56276	NA	74
56280	NA	75
56284	NA	75
54895	24.6	76
54899	23.2	76
56203	24.6	76
