chr	ps	p_lrt
15	64161483	1.536254e-06
15	66144078	1.880533e-06
10	99875561	1.88469e-06
15	64908418	2.413485e-06
15	66012585	3.466267e-06
15	64501251	3.781484e-06
15	64150937	3.970846e-06
15	66027541	4.981177e-06
15	64472864	5.793663e-06
15	64436524	6.58404e-06
15	64911208	6.885832e-06
15	64376787	7.067218e-06
15	64489230	7.31255e-06
15	65898470	7.486857e-06
15	66107481	8.876299e-06
15	64125771	9.088202e-06
15	64326797	1.011935e-05
15	64484496	1.106383e-05
15	64447338	1.246847e-05
15	66027545	1.259228e-05
15	64436520	1.298205e-05
15	64120994	1.367598e-05
15	64208164	1.563378e-05
15	65897508	1.735459e-05
15	64912304	1.831923e-05
3	4768080	2.105444e-05
15	64371426	2.148012e-05
15	64645864	2.249395e-05
15	65008330	2.267905e-05
10	99879543	2.366915e-05
15	66027806	2.577618e-05
15	64261260	2.60083e-05
12	75322675	2.73715e-05
10	99828394	2.905916e-05
15	64208293	2.929749e-05
3	3404349	3.145182e-05
15	64197737	3.169509e-05
15	64260597	3.570111e-05
15	65786963	3.586764e-05
15	68439937	3.834511e-05
3	4509311	4.263612e-05
15	65897854	4.411162e-05
4	145394179	4.483059e-05
15	64415192	4.531885e-05
15	65697637	4.733316e-05
10	99956314	4.814301e-05
10	99571111	5.010193e-05
15	64202646	5.60757e-05
15	65927781	5.631205e-05
10	99681861	5.912127e-05
15	65746709	5.921701e-05
15	65754350	6.166578e-05
15	64400626	6.264991e-05
15	65759932	6.26596e-05
15	6871419	6.286095e-05
15	64202621	6.428056e-05
15	65929701	6.44781e-05
10	99814133	6.543237e-05
15	64988763	6.689237e-05
15	64098667	6.86208e-05
15	65076504	6.952804e-05
4	62680875	7.071115e-05
15	65210438	7.347385e-05
7	55973239	7.395342e-05
7	58313184	7.519495e-05
10	99841878	7.652021e-05
15	65895038	7.67579e-05
10	100776638	7.910986e-05
15	65490227	8.028576e-05
15	65490301	8.035273e-05
15	65489751	8.045274e-05
15	65492734	8.057425e-05
15	65906953	8.070697e-05
15	65492165	8.079441e-05
15	65493570	8.085967e-05
15	65493524	8.094666e-05
15	65697658	8.15488e-05
15	65488895	8.159757e-05
15	65546669	8.161942e-05
15	65546407	8.164741e-05
15	65495072	8.166366e-05
15	65549641	8.168422e-05
15	65544317	8.172305e-05
15	65556541	8.178397e-05
15	65553738	8.181453e-05
15	65551667	8.182499e-05
15	65548054	8.182858e-05
15	65554413	8.183322e-05
15	65556025	8.183484e-05
15	65547925	8.18594e-05
15	65555266	8.186733e-05
15	65558842	8.187597e-05
15	65564797	8.188786e-05
15	65542065	8.189209e-05
15	65559762	8.190282e-05
15	65558591	8.19091e-05
15	65550173	8.195589e-05
15	65541866	8.19629e-05
15	65550474	8.196886e-05
15	65558327	8.202084e-05
