chr	ps	p_lrt
10	23883577	7.486538e-07
10	23885486	1.199403e-06
10	23883559	2.436202e-06
10	24808357	2.884441e-06
10	23885424	2.886618e-06
10	23891099	4.988769e-06
10	23891096	4.993476e-06
10	23890485	5.016958e-06
10	23892770	5.020216e-06
10	23890212	5.020722e-06
10	23890213	5.020722e-06
10	23891425	5.021821e-06
10	23889783	5.02358e-06
10	23889795	5.02358e-06
10	23891415	5.026163e-06
10	23885603	5.028327e-06
10	23885604	5.028327e-06
10	23882047	5.029008e-06
10	23883030	5.034136e-06
10	23884903	5.034253e-06
10	23885369	5.034814e-06
10	23882062	5.0406e-06
10	23884447	5.041863e-06
10	23885066	5.043201e-06
10	23880769	5.044351e-06
10	23886579	5.045024e-06
10	23886581	5.045024e-06
10	23888288	5.045446e-06
10	23885720	5.046299e-06
10	23886528	5.046645e-06
10	23885654	5.04671e-06
10	23885661	5.04671e-06
10	23885535	5.047194e-06
10	23882576	5.04931e-06
10	23882548	5.053511e-06
10	23884877	5.054348e-06
10	23881925	5.056448e-06
10	23880747	5.056545e-06
10	23879720	5.057463e-06
10	23881931	5.060135e-06
10	23879719	5.060553e-06
10	23880736	5.072827e-06
10	23882460	5.075561e-06
10	23878459	5.076818e-06
10	23878460	5.076818e-06
10	23882759	5.077878e-06
10	23883189	5.086126e-06
10	23937288	5.093869e-06
10	23937292	5.093869e-06
10	23937319	5.096892e-06
10	23944786	5.100053e-06
10	23868555	5.111498e-06
10	23867665	5.123253e-06
10	23867655	5.130109e-06
10	23868481	5.145797e-06
10	23867495	5.147883e-06
10	23867972	5.173089e-06
10	23995373	5.225061e-06
10	24990137	5.585277e-06
10	24929578	7.241105e-06
10	24917417	9.912211e-06
10	24914294	1.013506e-05
10	23885434	1.295672e-05
10	24789394	1.306936e-05
10	24380316	1.855322e-05
10	24835167	2.308061e-05
10	24890361	2.360028e-05
10	24834814	2.503403e-05
10	24570559	2.79118e-05
10	24579344	2.924887e-05
10	24579349	2.925323e-05
10	24904497	2.966277e-05
10	24578101	3.323466e-05
10	24554345	3.594249e-05
10	24917294	3.594278e-05
10	24391607	3.716985e-05
10	24843584	4.040779e-05
10	24961354	4.050244e-05
18	75824119	4.149183e-05
10	24912426	4.17934e-05
10	24910003	4.402567e-05
10	24917311	4.414871e-05
10	24789380	4.717495e-05
10	24611831	5.248566e-05
10	24931775	5.384783e-05
10	24346797	6.120935e-05
10	24346729	6.128269e-05
10	24574852	6.605304e-05
10	24917301	7.441158e-05
18	75769268	7.780274e-05
10	24532265	8.157596e-05
10	24354347	8.464597e-05
10	24368517	8.694999e-05
10	24368545	8.694999e-05
10	24368558	8.694999e-05
10	24368559	8.694999e-05
10	24370214	8.694999e-05
10	24370215	8.694999e-05
10	24370446	8.694999e-05
10	24370448	8.694999e-05
