chr	ps	p_lrt
1	38499681	7.713173e-06
8	13013684	1.141708e-05
8	13573740	1.624079e-05
1	38592386	2.280588e-05
1	38592074	2.287653e-05
8	13430425	2.371779e-05
1	38561703	2.403538e-05
8	13316352	2.45971e-05
8	13583544	2.652786e-05
1	38589405	2.654413e-05
8	13582941	2.663743e-05
8	13582948	2.664076e-05
8	13582980	2.665398e-05
8	13582916	2.665796e-05
8	13583256	2.667913e-05
8	13583234	2.6685e-05
8	13582800	2.669913e-05
8	13582808	2.671674e-05
8	13583110	2.674467e-05
8	13582668	2.675306e-05
8	13582651	2.675378e-05
8	13583150	2.675699e-05
8	13583889	2.675799e-05
8	13584354	2.676436e-05
8	13583119	2.676571e-05
8	13583123	2.676571e-05
8	13583911	2.676695e-05
8	13583923	2.676695e-05
8	13582639	2.676981e-05
8	13584365	2.678248e-05
8	13582029	2.679934e-05
8	13582374	2.680671e-05
8	13584383	2.682759e-05
8	13584405	2.684576e-05
8	13584518	2.689895e-05
8	13584543	2.690242e-05
8	13584538	2.69081e-05
8	13584077	2.691438e-05
8	13584271	2.691737e-05
8	13584170	2.692534e-05
8	13584213	2.696322e-05
8	13584240	2.698137e-05
8	13584732	2.698398e-05
8	13584645	2.69867e-05
8	13584765	2.701468e-05
8	13584826	2.703821e-05
8	13584884	2.705231e-05
8	13584897	2.70715e-05
8	13584943	2.708273e-05
8	13585108	2.710985e-05
8	13585141	2.712358e-05
8	13585405	2.722604e-05
8	13585415	2.724491e-05
8	13585783	2.727033e-05
8	13585808	2.730069e-05
8	13585600	2.730435e-05
8	13585604	2.730435e-05
8	13585493	2.730929e-05
8	13585795	2.731025e-05
8	13585796	2.731025e-05
8	13585649	2.732879e-05
8	13585890	2.733865e-05
8	13585686	2.736033e-05
8	13585918	2.73668e-05
8	13585541	2.738608e-05
8	13585552	2.738608e-05
8	13586002	2.744017e-05
8	13586129	2.758438e-05
8	13586179	2.760538e-05
8	13581634	2.764612e-05
8	13581635	2.764612e-05
8	13586300	2.765361e-05
8	13581586	2.767414e-05
8	13586348	2.768727e-05
8	13586537	2.769393e-05
8	13586421	2.771202e-05
8	13586547	2.7725e-05
8	13586743	2.79059e-05
8	13586747	2.790642e-05
8	13587245	2.796263e-05
8	13587170	2.801537e-05
8	13587228	2.801798e-05
8	13587330	2.80351e-05
8	13587366	2.806334e-05
8	13587475	2.806893e-05
8	13587412	2.808876e-05
8	13587598	2.815666e-05
8	13587605	2.815666e-05
8	13587695	2.81779e-05
8	13588245	2.819472e-05
8	13587754	2.82275e-05
8	13587885	2.826083e-05
8	13588395	2.826449e-05
8	13587874	2.826687e-05
8	13588375	2.826819e-05
8	13588388	2.826819e-05
8	13587843	2.827766e-05
8	13587921	2.830355e-05
8	13588353	2.843891e-05
8	13581011	2.959537e-05
