id	tail
45497	8.4
45498	8.0
46001	8.5
46002	8.1
45496	8.9
45499	8.5
46004	8.7
46005	7.5
46006	8.5.
46008	8.2
46011	8.7
46007	8.7
46009	8.7
46010	8.6
46012	9.2
46013	8.6
46014	7.6
46017	8.0
46019	7.9
46015	9.0
46016	8.6
46020	8.7
46023	8.8
46024	8.7
46027	8.9
46127	7.7
46131	8.0
46133	8.5
46126	9.4
46130	8.5
46132	9.2
46135	8.1
46137	8.1
46139	8.0
46141	7.2
46134	8.9
46136	8.4
46138	8.8
46140	8.2
46143	7.7
46145	9.0
46147	8.1
46149	8.9
46142	8.6
46144	8.2
46146	9.3
46148	8.9
46151	8.4
46153	8.2
46155	8.0
46150	9.1
46152	8.9
46154	8.4
26581	8.5
26582	8.3
26587	8.2
26588	8.7
26580	9.0
26583	6.6
26584	0.1
26586	8.0
26585	8.0
26590	8.1
26593	7.3
26595	8.3
26589	8.9
26591	8.5
26592	8.4
26594	8.2
46341	8.0
46345	7.2
46349	7.1
46353	8.4
46357	7.8
46361	8.0
46365	8.2
46369	7.8
46356	9.2
46360	9.1
46364	9.5
46368	8.6
46372	6.3
46386	8.5
46129	8.1
46157	8.3
46128	8.7
46156	8.8
46429	8.5
46433	8.3
46437	7.6
46430	9.3
46434	8.1
46438	8.7
46442	8.5
46447	7.5
46451	8.4
46455	8.3
46457	6.8
46446	8.3
46450	8.5
46454	8.4
46458	8.7
46461	7.2
46465	7.5
46469	8.0
46473	7.6
46462	8.6
46466	8.5
46470	8.5
46474	8.7
46479	7.7
46483	7.5
46487	7.4
45493	7.0
46478	8.5
46482	8.5
46486	8.7
46490	7.8
46491	7.3
46497	7.8
45494	7.1
46498	7.3
46388	8.4
46392	7.8
46397	8.0
46307	7.7
46675	7.3
46319	7.8
46641	8.1
46645	8.2
46320	6.1
46640	7.5
46644	8.6
46672	8.4
46695	7.8
48305	8.5
48304	8.4
48306	8.7
48311	8.8
48313	7.6
48314	9.1
48316	8.0
48345	7.9
48347	8.0
48353	8.2
48355	7.9
48344	8.1
48348	8.1
48352	8.9
48358	8.2
48361	8.4
48365	7.8
48369	7.8
48373	8.0
48362	8.7
48366	8.9
48370	7.9
48374	8.1
48377	7.9
48379	8.3
48381	8.1
48383	8.2
48382	8.2
48384	8.8
48390	8.7
48394	8.9
48387	8.3
48391	8.0
48395	7.4
48399	7.1
48398	8.4
48402	8.0
48406	8.0
48408	8.0
48409	7.6
48411	8.0
48417	8.1
48326	8.7
48328	8.6
48332	8.7
48342	8.1
48325	7.7
48331	7.8
48337	8.6
48412	8.1
48416	8.5
48420	8.2
48423	8.1
48425	7.5
48426	8.5
48432	7.6
48439	7.7
48441	8.5
48443	8.3
48445	7.6
48436	8.2
48444	7.3
48452	8.2
48456	9.1
48447	7.4
48449	7.6
48468	8.3
48464	9.1
48472	8.0
48478	8.1
48482	7.5
48486	8.5
48490	8.8
48494	8.3
48473	8.3
48475	8.4
48477	8.1
48479	8.2
48496	8.6
49004	8.1
49008	8.2
49012	8.2
48489	8.4
48495	8.0
49003	7.1
49007	7.7
49016	7.9
49020	8.7
49024	9.0
49026	8.0
49011	8.1
49015	8.5
49019	7.8
49028	8.9
49032	8.6
49036	8.6
49040	9.1
49025	8.4
49027	8.9
49031	8.0
49035	8.3
49048	8.1
49052	8.2
49056	8.1
49041	7.7
49045	8.1
49055	7.6
49210	8.0
49214	7.4
49218	7.8
49222	7.8
49211	7.4
49213	7.9
49217	8.3
49221	7.8
49226	8.2
49230	7.9
49234	7.4
49238	8.5
49229	7.7
49231	7.6
49233	7.3
49237	7.5
49240	8.3
49246	8.5
49254	8.2
49243	8.3
49245	8.1
49249	7.5
49251	8.0
49258	7.8
49262	7.7
49266	7.6
49270	8.4
49255	7.5
49259	7.8
49263	7.4
49267	7.1
49274	8.2
49278	7.9
49282	8.1
49286	8.5
48290	7.5
49294	8.3
49298	8.5
49287	7.8
49289	7.9
49293	7.7
49297	8.0
49404	9.3
49408	8.7
49416	8.2
49401	8.4
49405	7.6
49409	7.5
49414	8.5
49424	8.7
49417	8.4
49426	7.9
49448	8.9
49452	8.9
49456	8.5
49447	8.1
49451	8.2
49453	7.9
49427	8.0
49431	7.1
49435	7.7
49439	8.0
49430	8.5
49432	8.3
49436	8.2
49440	9.1
49461	7.5
49467	7.5
49471	8.4
49475	7.1
49462	8.5
49466	8.5
49470	8.5
49472	7.4
49479	7.8
49485	7.9
49487	7.7
49497	7.5
49476	8.6
49482	8.5
49486	8.0
49490	7.7
49499	7.5
50103	7.6
50107	7.4
50115	8.0
49494	8.4
49498	8.1
50102	7.8
50106	8.4
50119	7.3
50121	7.6
50125	7.2
50147	7.5
50114	8.1
50118	8.0
50122	8.1
50132	8.1
50129	8.1
50131	7.6
50137	7.8
50143	7.0
50134	8.0
50140	7.6
50146	8.3
50148	8.3
50151	7.5
50153	7.8
50159	7.2
50163	7.5
50150	8.3
50152	8.6
50156	8.0
50158	8.2
50164	7.4
50168	7.5
50172	8.2
50182	8.1
50185	8.5
50189	8.5
50191	8.1
50195	7.8
50186	9.5
50190	8.5
50194	8.3
50198	7.5
50201	7.7
50205	7.9
50211	7.6
50217	7.5
50202	8.1
50206	7.7
50210	8.6
50216	8.5
50223	7.0
50225	7.5
50220	8.2
50226	8.0
50230	8.5
50235	7.6
50237	8.2
50241	7.7
50245	8.4
50234	7.9
50238	8.5
50242	7.7
50248	8.0
50253	7.3
50255	7.8
50259	7.9
50252	8.5
50258	8.5
50262	8.4
50266	8.1
50265	NA
50269	8.1
50279	7.8
50282	8.6
50286	8.0
50288	7.7
50293	7.4
50299	7.9
50303	7.7
50296	8.5
50300	8.2
50304	7.6
50310	7.7
50311	7.1
50315	7.8
50327	7.3
50316	8.5
50322	8.1
50326	8.1
50330	8.2
50333	7.2
50335	7.3
50336	8.1
50340	8.4
50341	7.2
50345	7.5
50351	8.2
50355	7.5
50344	7.3
50348	7.3
50354	8.2
50358	7.9
50359	8.5
50365	7.4
50369	7.6
50364	7.5
50370	8.0
50374	8.4
50375	7.3
50377	7.3
50382	8.2
50386	8.0
50390	8.1
50396	8.5
50383	7.5
50385	7.9
50391	7.5
50397	7.4
50404	7.6
50406	7.6
50412	8.3
50420	8.2
50405	7.2
50407	7.1
50411	7.8
50417	8.1
50430	8.3
50432	7.4
50419	8.5
50421	7.9
50429	7.5
50431	8.2
50475	8.0
50479	8.0
50485	7.9
50487	7.4
50474	8.2
50478	8.3
50482	8.1
50486	8.4
50491	7.6
50497	N/A
50701	8.0
50703	8.0
50490	8.1
50494	7.9
50496	8.2
50500	8.4
50707	8.0
50715	7.5
50719	8.3
50723	7.9
50704	8.1
50708	8.2
50712	7.5
50716	7.8
50729	7.5
50731	7.6
50735	7.5
50741	7.9
50722	8.3
50728	8.0
50736	7.9
50740	8.4
50745	7.8
50749	7.9
50753	7.7
50755	7.7
50744	7.3
50746	8.2
50752	8.3
50756	8.0
50763	8.3
50767	8.5
50771	7.5
50775	7.6
50760	8.7
50764	8.2
50770	7.8
50774	8.0
50779	8.3
50787	7.7
50792	8.0
50778	8.2
50784	8.0
50788	8.1
50793	7.6
50795	8.7
50797	7.7
50794	8.0
50076	8.0
50799	8.0
50085	7.8
50095	8.0
50078	8.1
50798	8.2
50086	8.3
50092	8.0
50099	8.0
49383	7.5
50094	8.0
50100	8.5
51201	8.3
51205	8.4
51209	8.5
51211	7.0
51202	7.9
51204	8.7
51210	8.2
51216	9.1
51219	7.9
51221	7.5
51223	7.3
51229	8.1
51220	8.0
51224	8.6
51228	8.8
51234	8.5
51233	8.6
51239	8.0
51241	8.3
51247	7.4
51236	9.1
51240	8.2
51244	8.5
51250	8.6
51257	8.2
51259	7.9
51291	7.8
51295	7.5
51258	8.2
51262	8.6
51268	8.3
51245	8.5
51243	7.9
51263	8.1
51277	7.7
51254	8.0
51272	8.2
51276	8.5
51280	8.2
51281	8.4
51283	7.3
51289	8.0
51284	8.1
51288	8.5
51294	7.8
51302	8.0
51275	7.9
51297	8.2
51303	8.0
51307	7.2
51304	8.8
51308	8.5
51309	8.3
51313	7.4
51319	7.5
51324	7.3
51328	8.0
51334	7.5
51338	8.0
51327	8.5
51329	8.4
51335	7.6
51339	7.7
51342	7.9
51346	8.4
51350	8.0
51356	8.1
51345	7.6
51349	8.0
51351	7.7
51355	7.9
51360	7.9
51364	8.6
51368	8.5
51372	8.3
51359	7.5
51361	7.7
51367	8.3
51371	8.0
51376	7.9
51380	8.5
51384	8.5
51388	7.5
51375	7.2
51377	7.9
51383	7.2
51387	7.6
51392	8.0
51396	8.0
51400	7.3
51454	8.3
51395	8.0
51399	7.6
51455	8.5
51463	7.7
51420	7.6
51602	7.5
51656	8.3
51461	8.1
51603	6.7
51661	7.5
51604	8.3
51608	7.9
51614	8.4
51618	8.3
51607	7.5
51609	7.9
51613	7.7
51616	8.1
51624	7.9
51628	8.3
51634	8.1
51621	7.8
51627	8.0
51631	7.5
51642	8.2
51644	8.2
51648	8.3
51654	8.0
51641	8.1
51645	7.9
51651	8.1
51657	8.0
51665	8.6
51669	7.8
51673	8.5
51660	8.1
51662	9.5
51666	8.9
51681	8.4
51683	8.0
51689	8.0
51693	7.8
51672	8.5
51676	8.6
51682	8.3
51686	8.5
51695	7.6
51699	8.3
51705	8.5
51709	7.9
51690	8.3
51694	9.0
51698	8.0
51706	8.3
51713	8.0
51717	7.4
51723	8.0
51727	8.1
51700	8.8
51710	8.6
51714	7.7
51718	7.8
51731	7.9
51737	8.5
51739	7.3
51745	7.6
51722	9.0
51728	7.9
51734	8.5
51738	8.3
51747	8.1
51753	8.9
51759	7.7
51765	8.0
51742	8.4
51746	9.0
51748	8.2
51752	8.7
51767	7.9
51771	8.0
51775	8.2
51779	8.1
51756	8.3
51760	8.0
51764	7.9
51770	8.0
51785	8.0
51791	8.3
51795	8.3
51774	8.6
51778	8.9
51782	8.8
51801	7.9
51811	7.7
51794	7.7
51804	7.9
51813	8.2
51815	8.2
51819	7.7
51823	8.2
51810	8.3
51812	8.4
51816	8.5
51820	8.8
51829	8.0
51831	8.0
51833	NA
51839	8.9
51828	8.4
51832	8.7
51836	8.9
51840	8.9
51845	7.7
51847	8.5
51853	7.6
51857	7.7
51842	8.5
51850	8.6
51854	8.1
51858	8.4
51863	8.1
51867	8.0
51871	7.9
51875	8.0
51866	NA
51870	8.2
51876	9.0
51878	8.5
51877	7.9
51881	8.7
51883	7.4
51882	8.4
51886	9.0
51890	8.2
51891	8.2
51897	8.1
51901	7.7
51892	8.5
51896	8.7
51902	8.5
51905	8.0
51911	7.7
51913	7.9
51906	8.1
51910	8.5
51914	8.5
51923	7.6
51927	8.6
51933	8.0
51935	8.0
51916	7.4
51920	8.6
51924	8.4
51930	8.7
51941	8.1
51947	7.6
51949	7.5
51953	7.9
51936	8.3
51940	8.2
51944	8.2
51950	7.7
51959	7.5
51961	8.5
51965	7.5
51971	8.5
51956	8.8
51962	8.4
51966	7.8
51972	8.9
51979	7.7
51981	7.5
51987	7.8
51976	8.0
51980	8.9
51982	7.9
51984	8.0
51991	7.5
51993	7.5
51997	8.0
52003	NA
51992	8.1
51994	8.4
51998	8.0
52000	8.0
52009	7.8
52011	8.4
52015	8.0
52019	8.2
52004	8.5
52012	8.4
52014	9.0
52018	8.8
52027	7.9
52031	8.2
52035	7.7
52022	8.9
52026	9.0
52030	8.7
52041	7.7
52045	8.1
52049	8.9
52036	9.2
52040	9.0
52044	8.6
52055	8.1
52053	8.2
52059	7.1
52063	7.5
52067	7.8
52073	7.5
52048	8.0
52058	8.4
52062	9.3
52066	8.1
52071	7.5
52101	8.5
52103	7.8
52139	8.3
52072	8.7
52102	8.0
52138	9.5
52144	8.2
52145	7.6
52149	7.8
52175	7.9
52177	7.6
52150	8.0
52152	9.2
52178	8.0
52180	8.0
52107	7.7
52109	8.3
52115	7.6
52117	7.8
52108	8.0
52112	9.2
52116	8.4
52120	8.4
52123	7.8
52127	7.9
52131	7.8
52153	7.7
52124	8.4
52132	8.4
52136	8.0
52156	8.0
52159	7.0
52161	8.3
52165	8.2
52169	8.2
52162	8.1
52164	8.0
52168	8.8
52174	8.7
52173	8.5
52185	7.9
52192	8.0
52186	8.6
52191	8.0
52193	7.7
52197	8.6
52198	8.5
52100	8.5
52076	8.6
52182	8.8
52077	8.6
52079	7.9
52081	7.2
52083	8.3
52088	8.4
52092	8.1
52096	8.8
54100	9.0
52093	8.2
52099	7.6
54105	7.7
54109	7.6
54104	8.1
54106	7.7
54114	8.2
54116	8.5
54113	8.2
54117	7.8
54121	7.6
54125	7.5
54124	8.1
54126	8.2
54130	8.4
54134	9.0
54131	7.6
54133	7.5
54139	8.2
54141	7.4
54138	8.6
54142	8.0
54146	8.5
54150	8.1
54147	7.5
54149	8.2
54153	8.0
54157	7.6
54154	8.0
54158	8.6
54164	8.1
54166	8.5
54161	7.5
54165	7.6
54169	7.1
54170	8.0
54176	7.8
54178	7.5
54182	8.3
54173	7.4
54179	8.1
54186	NA
54190	8.4
54183	7.4
54187	8.3
54194	8.7
54196	8.9
54198	8.5
54193	8.0
54199	9.2
54201	7.6
54207	7.7
54209	8.0
54213	8.4
54217	8.4
54221	8.2
54216	8.6
54220	9.1
54226	8.3
54230	8.5
54227	8.4
54229	8.9
54233	7.9
54237	7.6
54234	7.9
54238	8.0
54240	7.5
54244	8.6
54243	7.2
54245	8.2
54249	8.0
54253	8.5
54248	8.6
54252	8.6
54256	8.7
54260	9.2
54257	8.2
54261	7.9
54267	8.1
54269	8.6
54266	8.5
54270	8.8
54274	9.0
54276	8.6
54277	8.0
54279	8.1
54283	8.0
54289	7.6
54282	8.5
54284	8.2
54290	8.7
54294	8.8
54291	8.3
54295	8.0
54299	8.4
54303	8.0
54298	8.2
54300	8.3
54304	8.6
54307	8.0
54311	8.1
54315	8.2
54310	8.0
54316	9.0
54319	7.6
54323	8.8
54320	8.9
54324	8.3
54327	8.1
54331	7.9
54336	8.3
54340	8.5
54346	7.9
54350	8.5
54343	7.8
54347	8.1
54353	7.8
54357	8.0
54352	8.7
54360	8.2
54359	8.2
54363	7.5
54368	7.7
54372	8.1
54367	7.9
54371	7.7
54330	7.8
54332	8.1
54335	8.4
54339	8.2
54375	8.4
54379	7.8
54383	8.1
54385	7.9
54389	7.5
54376	8.1
54380	8.1
54384	8.3
54388	8.1
54390	8.0
54396	9.0
54398	8.4
54809	7.5
54813	7.6
54817	7.4
54821	8.4
54827	7.3
54808	8.2
54812	8.1
54816	7.5
54818	8.7
54822	8.4
54853	7.9
54859	8.0
54829	7.6
54835	7.2
54841	7.8
54847	7.5
54851	7.7
54824	7.9
54830	8.2
54836	8.2
54842	NA
54848	7.9
54854	8.5
54862	8.2
54393	8.6
54397	8.4
54805	8.1
54863	8.4
54867	7.5
54871	4.9
54875	8.0
54864	9.0
54868	8.2
54872	7.7
54876	8.4
54879	8.1
54883	7.8
54887	8.2
54891	7.9
54880	8.3
54884	8.3
54888	8.1
54892	7.7
54896	8.5
54900	8.6
56204	8.6
56208	9.2
56207	8.0
56211	7.7
56215	7.6
56219	7.8
56212	8.0
56216	9.3
56220	7.9
56224	7.6
56223	7.6
56227	6.2
56231	7.9
56235	8.3
56228	8.0
56232	7.9
56236	7.9
56240	8.5
56237	8.1
56241	7.9
56245	8.4
56249	8.1
56244	9.1
56248	8.8
56252	8.7
56256	8.5
56253	7.8
56257	8.1
56261	8.5
56265	8.1
56260	8.2
56264	8.6
56268	9.1
56272	8.4
56273	8.1
56275	7.4
56279	8.4
56276	8.1
56280	8.0
56284	8.8
54895	8.4
54899	8.0
56203	8.6
