id	sire	dam	sex	generation
265800	453420	454820	1	50
265810	453420	454820	2	50
265820	453520	454840	2	50
265830	453520	454840	1	50
265840	453550	454850	1	50
265850	453550	454850	2	50
265860	453570	453590	1	50
265870	453570	453590	2	50
265880	454260	453530	2	50
265890	454260	453530	1	50
265900	454790	453820	2	50
265910	454790	453820	1	50
265920	454380	454570	1	50
265930	454380	454570	2	50
265940	454250	453930	1	50
265950	454250	453930	2	50
454930	454710	454670	2	50
454940	454710	454670	1	50
454960	453710	453010	1	50
454970	453710	453010	2	50
454980	453810	453050	2	50
454990	454520	453070	1	50
460010	454520	453070	2	50
460020	454320	453130	2	50
460040	454410	453160	1	50
460050	454410	453160	2	50
460060	454650	453230	2	50
460070	454650	453230	1	50
460080	453120	454660	2	50
460090	453120	454660	1	50
460100	453240	453250	1	50
460110	453240	453250	2	50
460120	453200	453280	1	50
460130	453200	453280	2	50
460140	453800	453400	2	50
460150	453800	453400	1	50
460160	453140	453850	1	50
460170	453140	453850	2	50
460190	453150	454340	2	50
460200	453150	454340	1	50
460230	453180	453830	1	50
460240	454460	453920	1	50
460270	453640	453970	1	50
461260	453840	453890	1	50
461270	453840	453890	2	50
461280	453030	453220	1	50
461290	453030	453220	2	50
461300	454470	453110	1	50
461310	454470	453110	2	50
461320	454400	453100	1	50
461330	454400	453100	2	50
461340	454640	453600	1	50
461350	454640	453600	2	50
461360	453740	454310	1	50
461370	453740	454310	2	50
461380	454440	453690	1	50
461390	454440	453690	2	50
461400	454500	454630	1	50
461410	454500	454630	2	50
461420	454880	453980	1	50
461430	454880	453980	2	50
461440	453700	454750	1	50
461450	453700	454750	2	50
461460	453670	454510	1	50
461470	453670	454510	2	50
461480	454680	453040	1	50
461490	454680	453040	2	50
461500	454350	454810	1	50
461510	454350	454810	2	50
461520	454160	453330	1	50
461530	454160	453330	2	50
461540	453390	453340	1	50
461550	453390	453340	2	50
461560	453770	453350	1	50
461570	453770	453350	2	50
463070	454590	454720	2	50
463190	453510	454780	2	50
463200	453510	454780	1	50
463410	453580	454170	2	50
463450	453900	4549400	2	50
463490	453270	454490	2	50
463530	454200	454860	2	50
463560	453480	454180	1	50
463570	453480	454180	2	50
463600	453410	454540	1	50
463610	453410	454540	2	50
463640	454890	453540	1	50
463650	454890	453540	2	50
463690	453260	453560	2	50
463720	454800	454550	1	50
463860	454830	453620	1	50
463880	453910	454300	1	50
463890	453910	454300	2	50
463920	454620	454390	1	50
463930	454620	454390	2	50
463970	454580	453750	2	50
464290	453300	454760	2	50
464300	453300	454760	1	50
464330	453870	454610	2	50
464340	453870	454610	1	50
464370	454290	453780	2	50
464380	454290	453780	1	50
464420	454220	453790	1	50
464460	454530	453650	1	50
464470	454530	453650	2	50
464500	454230	453730	1	50
464510	454230	453730	2	50
464540	454740	454330	1	50
464550	454740	454330	2	50
464570	453060	453500	2	50
464580	453060	453500	1	50
464610	453450	454480	2	50
464620	453450	454480	1	50
464650	454560	454360	2	50
464660	454770	453440	1	50
464690	453080	453720	2	50
464700	453080	453720	1	50
464730	454770	453440	2	50
464740	454560	454360	1	50
464780	453950	454280	1	50
464790	453950	454280	2	50
464820	454000	454690	1	50
464830	454000	454690	2	50
464860	453090	454190	1	50
464870	453090	454190	2	50
464900	454700	453470	1	50
464910	454700	453470	2	50
464970	453990	454870	2	50
464980	453990	454870	1	50
466400	454700	454370	1	50
466410	454700	454370	2	50
466440	454950	453880	1	50
466450	454950	453880	2	50
466720	453360	453680	1	50
466750	453360	453680	2	50
466950	461700	460800	2	51
482900	464770	464890	1	51
483040	461700	460800	1	51
483050	460990	460680	2	51
483060	460990	460680	1	51
483110	461170	460330	2	51
483130	461640	461860	2	51
483140	461170	460330	1	51
483160	461640	461860	1	51
483250	461710	460760	2	51
483260	461630	460830	1	51
483280	461710	460760	1	51
483310	461630	460830	2	51
483320	460860	460820	1	51
483370	460860	460820	2	51
483420	265740	460670	1	51
483440	460300	461760	1	51
483450	460300	461760	2	51
483470	462010	460340	2	51
483480	462010	460340	1	51
483520	461690	461870	1	51
483530	461690	461870	2	51
483550	460900	460430	2	51
483580	460900	460430	1	51
483610	461790	461200	2	51
483620	461790	461200	1	51
483650	460550	460540	2	51
483660	460550	460540	1	51
483690	460570	460480	2	51
483700	460570	460480	1	51
483730	463460	461180	2	51
483740	463460	461180	1	51
483770	462140	461050	2	51
483790	460780	460720	2	51
483810	462170	460790	2	51
483820	462140	461050	1	51
483830	461120	461210	2	51
483840	460780	460720	1	51
483870	460890	460950	2	51
483900	462170	460790	1	51
483910	460980	461030	2	51
483940	461120	461210	1	51
483950	460970	460910	2	51
483980	460890	460950	1	51
483990	460560	460470	2	51
484020	460980	461030	1	51
484060	460970	460910	1	51
484080	460560	460470	1	51
484090	461800	460490	2	51
484110	460870	461040	2	51
484120	461800	460490	1	51
484160	460870	461040	1	51
484170	460900	460430	2	51
484200	462000	460410	1	51
484230	462180	461750	2	51
484250	460840	460940	2	51
484260	462180	461750	1	51
484320	460840	460940	1	51
484360	461600	461910	1	51
484390	461600	461910	2	51
484410	461110	461920	2	51
484430	265740	460670	2	51
484440	460380	462190	1	51
484450	460380	462190	2	51
484470	462250	461980	2	51
484490	460740	462080	2	51
484520	462250	461980	1	51
484560	460740	462080	1	51
484640	460610	463010	1	51
484680	460750	463510	1	51
484720	460700	463670	1	51
484730	462070	463050	2	51
484750	463840	461730	2	51
484770	462130	461990	2	51
484780	461740	463590	1	51
484790	460290	463550	2	51
484820	462220	463850	1	51
484860	462070	463050	1	51
484890	460770	463430	2	51
484900	463840	461730	1	51
484940	462130	461990	1	51
484950	461100	461960	2	51
484960	460290	463550	1	51
490040	460770	463430	1	51
490070	461970	463030	2	51
490080	461100	461960	1	51
490110	461670	463730	2	51
490120	463500	461610	1	51
490150	464400	460370	2	51
490160	461970	463030	1	51
490190	460310	461880	2	51
490200	461670	463730	1	51
490240	464400	460370	1	51
490250	460660	462160	2	51
490260	460310	461880	1	51
490270	464680	460650	2	51
490280	460660	462160	1	51
490310	463620	461680	2	51
490320	464680	460650	1	51
490350	462040	463630	2	51
490360	463620	461680	1	51
490400	462040	463630	1	51
490410	463420	462230	2	51
490450	461940	461620	2	51
490480	463420	462230	1	51
490520	461940	461620	1	51
490550	460850	460960	2	51
490560	460850	460960	1	51
492100	465000	265780	1	51
492110	465000	265780	2	51
492130	464920	461650	2	51
492140	464920	461650	1	51
492170	463940	461660	2	51
492180	463940	461660	1	51
492210	464600	461830	2	51
492220	464600	461830	1	51
492260	464440	464490	1	51
492290	464440	464490	2	51
492300	464560	461950	1	51
492310	464560	461950	2	51
492330	463960	462030	2	51
492340	463960	462030	1	51
492370	460600	464350	2	51
492380	460600	464350	1	51
492400	461780	464390	1	51
492430	461780	464390	2	51
492450	461900	464430	2	51
492460	461900	464430	1	51
492490	463900	460320	2	51
492510	464640	460390	2	51
492540	464640	460390	1	51
492550	463960	462030	2	51
492580	463960	462030	1	51
492590	461810	463910	2	51
492620	461810	463910	1	51
492630	460210	464710	2	51
492660	460210	464710	1	51
492670	466460	463950	2	51
492700	466460	463950	1	51
492740	464320	464810	1	51
492780	463060	463210	1	51
492820	464520	466470	1	51
492860	464880	464750	1	51
492870	464880	464750	2	51
492890	464770	464890	2	51
492930	464800	463990	2	51
492940	464800	463990	1	51
492970	461930	464850	2	51
492980	461930	464850	1	51
493830	501360	501770	2	53
494010	461090	464530	2	51
494040	461090	464530	1	51
494050	461190	466430	2	51
494080	461190	466430	1	51
494090	463020	464630	2	51
494140	460420	464990	1	51
494160	463020	464630	1	51
494170	460420	464990	2	51
494240	462200	464310	1	51
494260	463900	460320	2	51
494270	483680	483850	2	52
494300	483680	483850	1	52
494310	484480	483330	2	52
494320	484480	483330	1	52
494350	483500	483590	2	52
494360	483500	483590	1	52
494390	484840	483120	2	52
494400	484840	483120	1	52
494470	460620	265790	2	51
494480	460620	265790	1	51
494510	464480	461130	2	51
494520	464480	461130	1	51
494530	464840	464590	2	51
494560	464840	464590	1	51
494610	484300	484150	2	52
494620	484300	484150	1	52
494660	490060	483030	1	52
494670	490060	483030	2	52
494700	490180	483090	1	52
494710	490180	483090	2	52
494720	490720	484130	1	52
494750	490720	484130	2	52
494760	483070	483270	1	52
494790	483070	483270	2	52
494820	484620	483360	1	52
494850	484620	483360	2	52
494860	490300	484050	1	52
494870	490300	484050	2	52
494900	483100	484210	1	52
494940	490500	483190	1	52
494970	483100	484210	2	52
494980	490460	483390	1	52
494990	490500	483190	2	52
500760	494600	503390	1	53
500780	501960	494290	1	53
500850	501100	502330	2	53
500860	502220	501390	1	53
500920	501300	501990	1	53
500940	494780	501730	1	53
500950	501300	501990	2	53
500990	494780	501730	2	53
501000	501360	501770	1	53
501020	484540	483410	1	52
501030	490460	483390	2	52
501060	483080	483490	1	52
501070	484540	483410	2	52
501140	483880	483200	1	52
501150	483080	483490	2	52
501180	483210	483710	1	52
501190	483880	483200	2	52
501210	483210	483710	2	52
501220	477180	483570	1	52
501250	477180	483570	2	52
501290	483150	484380	2	52
501310	483540	484270	2	52
501320	483150	484380	1	52
501340	483540	484270	1	52
501370	490380	484310	2	52
501400	490380	484310	1	52
501430	483340	484290	2	52
501460	483340	484290	1	52
501470	484580	483350	2	52
501480	484580	483350	1	52
501500	463940	461660	1	52
501510	463940	461660	2	52
501520	484240	490690	1	52
501530	484240	490690	2	52
501560	483720	484530	1	52
501580	483180	490530	1	52
501590	483720	484530	2	52
501630	483180	490530	2	52
501640	484140	490230	1	52
501680	484460	484590	1	52
501720	483780	484970	1	52
501820	490100	484690	1	52
501850	490440	484830	2	52
501860	490440	484830	1	52
501890	484580	483350	2	52
501900	490600	492010	1	52
501910	490600	492010	2	52
501940	484280	490670	1	52
501950	484280	490670	2	52
501980	484100	490910	1	52
502010	490540	492050	2	52
502020	490540	492050	1	52
502050	490760	484400	2	52
502060	490760	484400	1	52
502100	484040	490170	1	52
502110	484040	490170	2	52
502160	484040	490170	1	52
502170	484100	490910	2	52
502200	484600	490850	1	52
502230	484660	490130	2	52
502250	495000	490490	2	52
502260	484660	490130	1	52
502300	495000	490490	1	52
502340	490340	490050	1	52
502350	490340	490050	2	52
502370	484220	484370	2	52
502380	483860	490790	2	52
502410	483640	480390	2	52
502420	483640	480390	1	52
502450	484220	484370	1	52
502480	484340	490290	1	52
502520	484920	484810	1	52
502530	484340	490290	2	52
502550	484920	484810	2	52
502580	483300	490770	1	52
502590	483300	490770	2	52
502620	490820	490370	1	52
502650	490820	490370	2	52
502660	484880	484030	1	52
502690	484880	484030	2	52
502790	492080	483290	2	52
502820	492800	483430	1	52
502860	492160	484350	1	52
502880	492320	483970	1	52
502930	492360	484190	2	52
502960	492360	484190	1	52
502990	490660	484850	2	52
503000	490660	484850	1	52
503030	490860	490650	2	52
503040	490860	490650	1	52
503100	483860	490790	1	52
503110	484980	492750	2	52
503150	494220	492650	2	52
503160	483560	492270	1	52
503220	494220	492650	1	52
503260	492720	484570	1	52
503270	483460	492810	2	52
503300	483460	492810	1	52
503330	483960	492610	2	52
503350	490140	492530	2	52
503360	483960	492610	1	52
503400	490140	492530	1	52
503410	484070	492950	2	52
503440	484070	492950	1	52
503450	484000	492350	2	52
503480	484000	492350	1	52
503510	490880	490810	2	52
503540	490880	490810	1	52
503550	493000	492570	2	52
503580	493000	492570	1	52
503590	494200	492690	2	52
503640	490940	492190	1	52
503650	490940	492190	2	52
503690	492600	492770	2	52
503700	492600	492770	1	52
503740	484990	492730	1	52
503750	484990	492730	2	52
503770	490960	484420	2	52
503820	492920	483930	1	52
503830	492920	483930	2	52
503850	484180	492410	2	52
503860	484180	492410	1	52
503900	492680	494210	1	52
503910	492680	494210	2	52
503960	492520	494450	1	52
503970	492520	494450	2	52
504040	490220	490610	1	52
504050	490220	490610	2	52
504060	483920	490430	1	52
504070	483920	490430	2	52
504110	490420	494070	2	52
504120	490420	494070	1	52
504170	483400	494130	2	52
504190	492800	483430	2	52
504200	483400	494130	1	52
504210	494500	492390	2	52
504290	494540	483010	2	52
504300	494500	492390	1	52
504310	492440	484870	2	52
504320	494540	483010	1	52
504740	494840	494410	1	53
504750	494840	494410	2	53
504780	502440	494430	1	53
504790	502440	494430	2	53
504820	494800	494730	1	53
504850	494800	494730	2	53
504860	502240	494770	1	53
504870	502240	494770	2	53
504900	501600	494810	1	53
504910	501600	494810	2	53
504940	502560	494830	1	53
504960	502400	494950	1	53
504970	502560	494830	2	53
505000	501920	501270	1	53
507010	502400	494950	2	53
507030	501920	501270	2	53
507040	494340	501570	1	53
507070	494340	501570	2	53
507080	501160	502030	1	53
507120	501840	501450	1	53
507150	501160	502030	2	53
507160	495000	502190	1	53
507190	501840	501450	2	53
507220	494280	502610	1	53
507230	495000	502190	2	53
507280	494380	502730	1	53
507290	494280	502610	2	53
507310	494380	502730	2	53
507350	502720	494910	2	53
507360	502720	494910	1	53
507400	502000	501090	1	53
507410	502000	501090	2	53
507440	501080	501280	1	53
507450	501080	501280	2	53
507460	502140	501200	1	53
507490	502140	501200	2	53
507520	494420	501410	1	53
507530	494420	501410	2	53
507550	494440	501350	2	53
507560	494440	501350	1	53
507600	502500	501330	1	53
507630	502500	501330	2	53
507640	494920	501610	1	53
507670	494920	501610	2	53
507700	501660	494330	1	53
507710	501660	494330	2	53
507740	502460	494370	1	53
507750	502460	494370	2	53
507780	502360	494650	1	53
507790	502360	494650	2	53
507840	501420	494890	1	53
507870	501420	494890	2	53
507880	501040	501710	1	53
507920	501040	501710	2	53
507930	494960	503010	2	53
507940	494960	503010	1	53
507950	494600	503390	2	53
507970	501960	494290	2	53
507980	501100	502330	1	53
507990	502220	501390	2	53
512010	494640	504130	2	53
512020	503180	501790	1	53
512040	494640	504130	1	53
512050	503140	501010	2	53
512090	501620	502910	2	53
512100	503140	501010	1	53
512110	501380	503930	2	53
512160	501620	502910	1	53
512190	501440	504090	2	53
512200	501380	503930	1	53
512210	501700	502710	2	53
512230	504280	501830	2	53
512240	501440	504090	1	53
512280	501700	502710	1	53
512290	502980	501170	2	53
512330	503880	501130	2	53
512340	504280	501830	1	53
512360	502980	501170	1	53
512390	503020	501870	2	53
512400	503880	501130	1	53
512410	503620	494630	2	53
512430	502640	502570	2	53
512440	503020	501870	1	53
512450	494880	504150	2	53
512470	503460	501050	2	53
512500	503620	494630	1	53
512540	494880	504150	1	53
512570	504140	494690	2	53
512580	503460	501050	1	53
512590	501260	503490	2	53
512620	504140	494690	1	53
512630	504220	502490	2	53
512680	501260	503490	1	53
512720	502640	502570	1	53
512750	503120	502770	2	53
512760	504220	502490	1	53
512770	502280	501750	2	53
512800	502280	501750	1	53
512810	502040	502310	2	53
512830	501740	502430	2	53
512840	502040	502310	1	53
512880	501740	502430	1	53
512890	501380	503890	2	53
512910	502760	502390	2	53
512940	501380	503890	1	53
512950	503120	502770	2	53
512970	494680	502630	2	53
513020	502760	502390	1	53
513030	501880	502270	2	53
513040	503120	502770	1	53
513070	502700	502090	2	53
513080	494680	502630	1	53
513090	501880	502270	1	53
513130	501620	502910	2	53
513190	503180	501790	2	53
513240	503500	502150	1	53
513270	503500	502150	2	53
513280	503940	502130	1	53
513290	503940	502130	2	53
513340	503560	501690	1	53
513350	503560	501690	2	53
513380	503920	501650	1	53
513390	503920	501650	2	53
513420	504460	502510	1	53
513450	504460	502510	2	53
513460	503060	502670	1	53
513490	503060	502670	2	53
513500	503720	502830	1	53
513510	503720	502830	2	53
513550	502080	502970	2	53
513560	502080	502970	1	53
513590	504240	502870	2	53
513600	504240	502870	1	53
513610	503340	503050	2	53
513640	503340	503050	1	53
513670	502540	503070	2	53
513680	502540	503070	1	53
513710	502600	503170	2	53
513720	502600	503170	1	53
513750	502900	503090	2	53
513760	502900	503090	1	53
513770	501540	503670	2	53
513800	501540	503670	1	53
513830	502920	503190	2	53
513840	502920	503190	1	53
513870	504000	502950	2	53
513880	504000	502950	1	53
513920	503280	503470	1	53
513950	503280	503470	2	53
513960	502120	503790	1	53
513990	502120	503790	2	53
514000	501760	503530	1	53
514200	503200	504650	1	53
514540	501780	504250	1	53
514550	501760	503530	2	53
514610	503200	504650	2	53
514630	501780	504250	2	53
516020	502180	503730	1	53
516030	502180	503730	2	53
516040	503320	503130	1	53
516070	503320	503130	2	53
516080	504720	504610	1	53
516090	504720	504610	2	53
516130	503600	503310	2	53
516140	503600	503310	1	53
516160	504260	503810	2	53
516180	504260	503810	1	53
516210	504420	503570	2	53
516240	504420	503570	1	53
516270	503980	503630	2	53
516280	503980	503630	1	53
516310	503080	504030	2	53
516340	503080	504030	1	53
516410	504620	504590	2	53
516420	504620	504590	1	53
516440	504480	503610	1	53
516450	504480	503610	2	53
516480	503780	503990	1	53
516510	503780	503990	2	53
516540	503840	503950	1	53
516560	502940	502470	1	53
516570	503840	503950	2	53
516600	507480	512490	1	54
516610	502940	502470	2	53
516620	493780	512670	1	54
516650	493780	512670	2	54
516660	504760	507430	1	54
516690	507480	512490	2	54
516720	512060	504770	1	54
516730	504760	507430	2	54
516760	507260	507330	1	54
516810	512060	504770	2	54
516820	507420	507370	1	54
516830	507260	507330	2	54
516860	507100	507590	1	54
516890	507420	507370	2	54
516900	507020	507510	1	54
516930	507100	507590	2	54
516940	512480	507910	1	54
516950	507020	507510	2	54
516980	507500	500970	1	54
516990	512480	507910	2	54
517000	507580	500890	1	54
517050	507580	500890	2	54
517060	507300	512150	1	54
517090	507500	500970	2	54
517100	507720	512070	1	54
517130	507300	512150	2	54
517140	507680	512250	1	54
517170	507720	512070	2	54
517180	512320	512530	1	54
517220	512300	512510	1	54
517230	507680	512250	2	54
517270	512320	512530	2	54
517280	512700	512850	1	54
517310	512300	512510	2	54
517340	507960	513050	1	54
517370	507960	513050	2	54
517380	512260	513650	1	54
517390	512700	512850	2	54
517420	507620	512610	1	54
517450	512260	513650	2	54
517460	504980	512550	1	54
517470	507620	512610	2	54
517480	504800	512870	1	54
517520	512220	512710	1	54
517530	504980	512550	2	54
517560	500880	507250	1	54
517590	504800	512870	2	54
517600	512120	507210	1	54
517640	507140	500770	1	54
517650	512220	512710	2	54
517670	500880	507250	2	54
517700	507660	512170	1	54
517710	512120	507210	2	54
517740	500840	512730	1	54
517750	507140	500770	2	54
517780	500980	507470	1	54
517790	507660	512170	2	54
517820	500960	514510	1	54
517850	500840	512730	2	54
517910	500980	507470	2	54
517940	504880	500930	1	54
517950	500960	514510	2	54
518010	504880	500930	2	54
518040	507700	512690	1	54
518100	507180	513230	1	54
518110	507700	512690	2	54
518120	512140	513970	1	54
518130	507180	513230	2	54
518150	512140	513970	2	54
518160	512460	513330	1	54
518190	512460	513330	2	54
518200	512600	513690	1	54
518230	512600	513690	2	54
518280	500800	513890	1	54
518290	500800	513890	2	54
518310	512900	513790	2	54
518320	512900	513790	1	54
518330	513220	507170	2	54
518360	513220	507170	1	54
518390	513100	513250	2	54
518400	513100	513250	1	54
518420	512380	513170	1	54
518450	512380	513170	2	54
518470	508000	513730	2	54
518500	508000	513730	1	54
518530	507340	493810	2	54
518540	507340	493810	1	54
518570	512820	512350	2	54
518580	512820	512350	1	54
518630	512780	507270	2	54
518660	512780	507270	1	54
518670	512860	512130	2	54
518700	512860	512130	1	54
518710	512920	512310	2	54
518750	513260	500870	2	54
518760	512920	512310	1	54
518770	513400	504950	2	54
518780	513260	500870	1	54
518810	513060	507850	2	54
518820	513400	504950	1	54
518830	516400	504890	2	54
518860	512980	512030	1	54
518900	516400	504890	1	54
518910	507800	503210	2	54
518920	507800	503210	1	54
518960	512960	500790	1	54
518970	512960	500790	2	54
519010	512180	513150	2	54
519020	512180	513150	1	54
519050	513180	507610	2	54
519060	513180	507610	1	54
519100	512420	513630	1	54
519110	512420	513630	2	54
519130	513200	514530	2	54
519140	513200	514530	1	54
519160	512660	513810	1	54
519200	507540	518050	1	54
519230	512660	513810	2	54
519240	507900	514750	1	54
519270	507540	518050	2	54
519300	512520	516350	1	54
519330	507900	514750	2	54
519350	512520	516350	2	54
519360	507860	514250	1	54
519400	504920	516110	1	54
519410	507860	514250	2	54
519440	512080	513850	1	54
519470	504920	516110	2	54
519490	512080	513850	2	54
519500	512740	504830	1	54
519530	512740	504830	2	54
519560	513360	514230	1	54
519590	513360	514230	2	54
519610	513300	512650	2	54
519620	513300	512650	1	54
519650	513620	507390	2	54
519660	513620	507390	1	54
519710	513520	513570	2	54
519720	513520	513570	1	54
519760	513540	514190	1	54
519790	513540	514190	2	54
519800	516060	513910	1	54
519810	516060	513910	2	54
519820	516500	504930	1	54
519840	516520	507890	1	54
519870	516520	507890	2	54
519910	504840	516430	2	54
519920	504840	516430	1	54
519930	513480	514210	2	54
519940	513480	514210	1	54
519970	513740	507050	2	54
519980	513000	507130	1	54
520000	513580	516390	1	54
520030	513000	507130	2	54
520040	516460	512370	1	54
520090	513580	516390	2	54
520110	516460	512370	2	54
520120	514180	513530	1	54
520140	507380	514650	1	54
520150	514180	513530	2	54
520180	513060	507850	1	54
520190	507380	514650	2	54
520220	507240	516530	1	54
520260	500900	516470	1	54
520270	507240	516530	2	54
520300	516100	513470	1	54
520310	500900	516470	2	54
520350	516100	513470	2	54
520360	507820	516250	1	54
520400	514520	516590	1	54
520410	507820	516250	2	54
520440	514560	504990	1	54
520450	514520	516590	2	54
520480	513940	507690	1	54
520490	514560	504990	2	54
520530	507200	513930	2	54
520550	513140	516190	2	54
520580	513660	513410	1	54
520590	513940	507690	2	54
520620	516360	514570	1	54
520630	513660	513410	2	54
520660	513820	516330	1	54
520670	516360	514570	2	54
520710	513820	516330	2	54
520720	516220	512930	1	54
520730	516220	512930	2	54
520760	519420	518170	1	55
520770	519120	517690	2	55
520790	519340	517110	2	55
520810	519520	518850	2	55
520830	518180	520210	2	55
520880	519340	517110	1	55
520920	519520	518850	1	55
520930	517840	520330	2	55
520960	518180	520210	1	55
520990	516640	519170	2	55
521000	517580	519430	1	55
521010	516200	516290	2	54
521020	516200	516290	1	54
521030	513860	500910	2	54
521070	517660	518090	2	55
521080	517660	518090	1	55
521090	517440	518350	2	55
521120	517440	518350	1	55
521150	517020	518510	2	55
521160	517020	518510	1	55
521170	517760	518610	2	55
521200	517760	518610	1	55
521230	516840	517610	2	55
521240	516840	517610	1	55
521270	517160	517410	2	55
521310	518140	517870	2	55
521320	517160	517410	1	55
521360	518140	517870	1	55
521380	513860	500910	1	54
521390	513980	516150	2	54
521440	513980	516150	1	54
521450	518020	513370	2	54
521490	513900	514590	2	54
521500	518020	513370	1	54
521520	513900	514590	1	54
521530	518080	517730	2	55
521560	518080	517730	1	55
521590	517960	518650	2	55
521610	518060	518790	2	55
521620	517960	518650	1	55
521640	518060	518790	1	55
521650	518260	517150	2	55
521680	518260	517150	1	55
521690	517360	516710	2	55
521730	517080	517070	2	55
521740	517360	516710	1	55
521750	500820	516170	2	54
521770	516380	512790	2	54
521780	500820	516170	1	54
521800	516380	512790	1	54
521820	519120	517690	1	55
521850	516300	513010	2	54
521860	516300	513010	1	54
521910	517120	518370	2	55
521920	517080	517070	1	55
521930	517580	519430	2	55
521970	519420	518170	2	55
521980	517120	518370	1	55
541000	517840	520330	1	55
541040	516640	519170	1	55
541050	518380	519090	2	55
541060	518380	519090	1	55
541090	518300	518930	2	55
541130	518800	520130	2	55
541140	518300	518930	1	55
541160	518800	520130	1	55
541170	518740	520290	2	55
541210	519740	516670	2	55
541240	518740	520290	1	55
541250	519180	518590	2	55
541260	519740	516670	1	55
541300	519180	518590	1	55
541310	517040	520250	2	55
541330	520100	520070	2	55
541340	517040	520250	1	55
541380	520100	520070	1	55
541390	520020	516850	2	55
541410	519680	519550	2	55
541420	520020	516850	1	55
541460	519680	519550	1	55
541470	519220	520050	2	55
541490	519320	517770	2	55
541500	519220	520050	1	55
541530	519080	517330	2	55
541540	519320	517770	1	55
541570	518620	516870	2	55
541580	519080	517330	1	55
541610	519780	518730	2	55
541640	518620	516870	1	55
541650	519960	520370	2	55
541660	519780	518730	1	55
541690	519380	517490	2	55
541700	519380	517490	1	55
541730	517540	519030	2	55
541760	519960	520370	1	55
541780	517540	519030	1	55
541790	519040	517550	2	55
541820	519040	517550	1	55
541830	519900	516910	2	55
541860	519900	516910	1	55
541870	517300	519990	2	55
541900	517300	519990	1	55
541930	516320	512990	2	55
541940	519580	517970	1	55
541960	516320	512990	1	55
541980	519860	517350	1	55
541990	519580	517970	2	55
542010	519860	517350	2	55
542070	517300	519990	2	55
542090	519640	517810	2	55
542130	5218200	519370	2	55
542160	518680	520690	1	55
542170	518460	519890	2	55
542200	520500	519850	1	55
542210	520600	518410	2	55
542260	519480	521410	1	55
542270	518680	520690	2	55
542290	520500	519850	2	55
542300	520640	519450	1	55
542330	519480	521410	2	55
542340	518560	519250	1	55
542370	520640	519450	2	55
542380	518220	520430	1	55
542400	520420	517250	1	55
542430	518560	519250	2	55
542440	518720	519670	1	55
542450	518220	520430	2	55
542480	520080	520510	1	55
542490	520420	517250	2	55
542520	520280	518210	1	55
542530	518720	519670	2	55
542560	521460	519290	1	55
542570	520080	520510	2	55
542600	520160	521830	1	55
542610	520280	518210	2	55
542660	520740	519750	1	55
542670	521460	519290	2	55
542690	520160	521830	2	55
542700	520560	519510	1	55
542740	521400	517630	1	55
542760	517240	520610	1	55
542770	520740	519750	2	55
542790	520560	519510	2	55
542820	521840	519570	1	55
542830	521400	517630	2	55
542840	520380	520650	1	55
542890	517240	520610	2	55
542900	520460	518490	1	55
542910	521840	519570	2	55
542940	521880	517010	1	55
542950	520380	520650	2	55
542980	517500	520750	1	55
542990	520460	518490	2	55
543000	518880	518250	1	55
543030	521880	517010	2	55
543040	518720	519670	1	55
543070	517500	520750	2	55
543100	519260	521810	1	55
543110	518880	518250	2	55
543150	518720	519670	2	55
543160	516780	521510	1	55
543190	519260	521810	2	55
543200	520240	518990	1	55
543230	516780	521510	2	55
543240	517800	521430	1	55
543270	520240	518990	2	55
543300	517620	520950	1	55
543310	517800	521430	2	55
543320	541910	519310	1	55
543350	517620	520950	2	55
543360	520200	519390	1	55
543390	541910	519310	2	55
543400	516920	518690	1	55
543430	520200	519390	2	55
543460	521480	518950	1	55
543470	516920	518690	2	55
543500	516740	519830	1	55
543520	517400	518270	1	55
543530	521480	518950	2	55
543570	516740	519830	2	55
543590	517400	518270	2	55
543600	520060	519730	1	55
543630	520060	519730	2	55
543670	516700	519950	2	55
543680	516700	519950	1	55
543710	518980	521470	2	55
543720	518980	521470	1	55
543750	520900	521190	2	56
543760	520900	521190	1	56
543790	541020	521130	2	56
543800	541020	521130	1	56
543830	521700	521890	2	56
543840	521700	521890	1	56
543850	521600	521990	2	56
543880	521600	521990	1	56
543890	541840	520890	2	56
543900	541840	520890	1	56
543930	520980	541030	2	56
543960	520980	541030	1	56
543970	541600	541370	2	56
543980	541600	541370	1	56
548050	520320	520470	2	55
548080	541680	541230	1	56
548090	541680	541230	2	56
548120	541560	541190	1	56
548130	541560	541190	2	56
548160	520940	521290	1	56
548170	520940	521290	2	56
548180	521220	521110	1	56
548210	521340	521630	2	56
548220	521340	521630	1	56
548240	541520	521870	1	56
548270	521220	521110	2	56
548290	541520	521870	2	56
548300	521960	541750	1	56
548350	521960	541750	2	56
548360	541100	541550	1	56
548410	541100	541550	2	56
548420	541120	541670	1	56
548470	541120	541670	2	56
548480	541620	541810	1	56
548510	541620	541810	2	56
548530	521840	520970	2	56
548540	521840	520970	1	56
548590	541720	541630	2	56
548620	541720	541630	1	56
548630	521140	520910	2	56
548640	521140	520910	1	56
548670	542040	521710	2	56
548680	542040	521710	1	56
548710	520940	521290	2	56
548720	520940	521290	1	56
548750	541180	542510	2	56
548760	542180	521050	1	56
548790	541920	542310	2	56
548800	541180	542510	1	56
548830	521660	542410	2	56
548840	541920	542310	1	56
548870	542140	521210	2	56
548880	521660	542410	1	56
548910	542960	541270	2	56
548920	542140	521210	1	56
548950	542800	541890	2	56
548960	542960	541270	1	56
548990	542420	541710	2	56
549000	542800	541890	1	56
562030	542500	542810	2	56
562040	542420	541710	1	56
562070	521940	542390	2	56
562080	542500	542810	1	56
562110	521580	542870	2	56
562120	521940	542390	1	56
562150	542580	541070	2	56
562160	521580	542870	1	56
562190	521300	542750	2	56
562200	542580	541070	1	56
562230	542220	541350	2	56
562240	521300	542750	1	56
562270	541740	542110	2	56
562280	542220	541350	1	56
562310	542320	541850	2	56
562320	541740	542110	1	56
562350	541360	542630	2	56
562360	542320	541850	1	56
562370	542280	541510	2	56
562400	541360	542630	1	56
562410	521760	542190	2	56
562440	542280	541510	1	56
562450	521060	542350	2	56
562480	521760	542190	1	56
562490	521100	542550	2	56
562520	521060	542350	1	56
562530	541800	542930	2	56
562560	521100	542550	1	56
562570	541440	542850	2	56
562600	541800	542930	1	56
562610	542680	541430	2	56
562640	541440	542850	1	56
562650	542540	543010	2	56
562680	542680	541430	1	56
562720	542540	543010	1	56
562730	542460	542470	2	56
562750	542360	542970	2	56
562760	542460	542470	1	56
562790	541880	542150	2	56
562800	542360	542970	1	56
562840	541880	542150	1	56
