"id"	"sire"	"dam"	"sex"	"generation"
26580.1	45342.1	45482.1	"1"	50
26581.1	45342.1	45482.1	"2"	50
26582.1	45352.1	45484.1	"2"	50
26583.1	45352.1	45484.1	"1"	50
26584.1	45355.1	45485.1	"1"	50
26585.1	45355.1	45485.1	"2"	50
26586.1	45357.1	45359.1	"1"	50
26587.1	45357.1	45359.1	"2"	50
26588.1	45426.1	45353.1	"2"	50
26589.1	45426.1	45353.1	"1"	50
26590.1	45479.1	45382.1	"2"	50
26591.1	45479.1	45382.1	"1"	50
26592.1	45438.1	45457.1	"1"	50
26593.1	45438.1	45457.1	"2"	50
26594.1	45425.1	45393.1	"1"	50
26595.1	45425.1	45393.1	"2"	50
45493.1	45471.1	45467.1	"2"	50
45494.1	45471.1	45467.1	"1"	50
45496.1	45371.1	45301.1	"1"	50
45497.1	45371.1	45301.1	"2"	50
45498.1	45381.1	45305.1	"2"	50
45499.1	45452.1	45307.1	"1"	50
46001.1	45452.1	45307.1	"2"	50
46002.1	45432.1	45313.1	"2"	50
46004.1	45441.1	45316.1	"1"	50
46005.1	45441.1	45316.1	"2"	50
46006.1	45465.1	45323.1	"2"	50
46007.1	45465.1	45323.1	"1"	50
46008.1	45312.1	45466.1	"2"	50
46009.1	45312.1	45466.1	"1"	50
46010.1	45324.1	45325.1	"1"	50
46011.1	45324.1	45325.1	"2"	50
46012.1	45320.1	45328.1	"1"	50
46013.1	45320.1	45328.1	"2"	50
46014.1	45380.1	45340.1	"2"	50
46015.1	45380.1	45340.1	"1"	50
46016.1	45314.1	45385.1	"1"	50
46017.1	45314.1	45385.1	"2"	50
46019.1	45315.1	45434.1	"2"	50
46020.1	45315.1	45434.1	"1"	50
46023.1	45318.1	45383.1	"1"	50
46024.1	45446.1	45392.1	"1"	50
46027.1	45364.1	45397.1	"1"	50
46126.1	45384.1	45389.1	"1"	50
46127.1	45384.1	45389.1	"2"	50
46128.1	45303.1	45322.1	"1"	50
46129.1	45303.1	45322.1	"2"	50
46130.1	45447.1	45311.1	"1"	50
46131.1	45447.1	45311.1	"2"	50
46132.1	45440.1	45310.1	"1"	50
46133.1	45440.1	45310.1	"2"	50
46134.1	45464.1	45360.1	"1"	50
46135.1	45464.1	45360.1	"2"	50
46136.1	45374.1	45431.1	"1"	50
46137.1	45374.1	45431.1	"2"	50
46138.1	45444.1	45369.1	"1"	50
46139.1	45444.1	45369.1	"2"	50
46140.1	45450.1	45463.1	"1"	50
46141.1	45450.1	45463.1	"2"	50
46142.1	45488.1	45398.1	"1"	50
46143.1	45488.1	45398.1	"2"	50
46144.1	45370.1	45475.1	"1"	50
46145.1	45370.1	45475.1	"2"	50
46146.1	45367.1	45451.1	"1"	50
46147.1	45367.1	45451.1	"2"	50
46148.1	45468.1	45304.1	"1"	50
46149.1	45468.1	45304.1	"2"	50
46150.1	45435.1	45481.1	"1"	50
46151.1	45435.1	45481.1	"2"	50
46152.1	45416.1	45333.1	"1"	50
46153.1	45416.1	45333.1	"2"	50
46154.1	45339.1	45334.1	"1"	50
46155.1	45339.1	45334.1	"2"	50
46156.1	45377.1	45335.1	"1"	50
46157.1	45377.1	45335.1	"2"	50
46307.1	45459.1	45472.1	"2"	50
46319.1	45351.1	45478.1	"2"	50
46320.1	45351.1	45478.1	"1"	50
46341.1	45358.1	45417.1	"2"	50
46345.1	45390.1	454940.1	"2"	50
46349.1	45327.1	45449.1	"2"	50
46353.1	45420.1	45486.1	"2"	50
46356.1	45348.1	45418.1	"1"	50
46357.1	45348.1	45418.1	"2"	50
46360.1	45341.1	45454.1	"1"	50
46361.1	45341.1	45454.1	"2"	50
46364.1	45489.1	45354.1	"1"	50
46365.1	45489.1	45354.1	"2"	50
46369.1	45326.1	45356.1	"2"	50
46372.1	45480.1	45455.1	"1"	50
46386.1	45483.1	45362.1	"1"	50
46388.1	45391.1	45430.1	"1"	50
46389.1	45391.1	45430.1	"2"	50
46392.1	45462.1	45439.1	"1"	50
46393.1	45462.1	45439.1	"2"	50
46397.1	45458.1	45375.1	"2"	50
46429.1	45330.1	45476.1	"2"	50
46430.1	45330.1	45476.1	"1"	50
46433.1	45387.1	45461.1	"2"	50
46434.1	45387.1	45461.1	"1"	50
46437.1	45429.1	45378.1	"2"	50
46438.1	45429.1	45378.1	"1"	50
46442.1	45422.1	45379.1	"1"	50
46446.1	45453.1	45365.1	"1"	50
46447.1	45453.1	45365.1	"2"	50
46450.1	45423.1	45373.1	"1"	50
46451.1	45423.1	45373.1	"2"	50
46454.1	45474.1	45433.1	"1"	50
46455.1	45474.1	45433.1	"2"	50
46457.1	45306.1	45350.1	"2"	50
46458.1	45306.1	45350.1	"1"	50
46461.1	45345.1	45448.1	"2"	50
46462.1	45345.1	45448.1	"1"	50
46465.1	45456.1	45436.1	"2"	50
46466.1	45477.1	45344.1	"1"	50
46469.1	45308.1	45372.1	"2"	50
46470.1	45308.1	45372.1	"1"	50
46473.1	45477.1	45344.1	"2"	50
46474.1	45456.1	45436.1	"1"	50
46478.1	45395.1	45428.1	"1"	50
46479.1	45395.1	45428.1	"2"	50
46482.1	45400.1	45469.1	"1"	50
46483.1	45400.1	45469.1	"2"	50
46486.1	45309.1	45419.1	"1"	50
46487.1	45309.1	45419.1	"2"	50
46490.1	45470.1	45347.1	"1"	50
46491.1	45470.1	45347.1	"2"	50
46497.1	45399.1	45487.1	"2"	50
46498.1	45399.1	45487.1	"1"	50
46640.1	45470.1	45437.1	"1"	50
46641.1	45470.1	45437.1	"2"	50
46644.1	45495.1	45388.1	"1"	50
46645.1	45495.1	45388.1	"2"	50
46672.1	45336.1	45368.1	"1"	50
46675.1	45336.1	45368.1	"2"	50
46695.1	46170.1	46080.1	"2"	51
48290.1	46477.1	46489.1	"1"	51
48304.1	46170.1	46080.1	"1"	51
48305.1	46099.1	46068.1	"2"	51
48306.1	46099.1	46068.1	"1"	51
48311.1	46117.1	46033.1	"2"	51
48313.1	46164.1	46186.1	"2"	51
48314.1	46117.1	46033.1	"1"	51
48316.1	46164.1	46186.1	"1"	51
48325.1	46171.1	46076.1	"2"	51
48326.1	46163.1	46083.1	"1"	51
48328.1	46171.1	46076.1	"1"	51
48331.1	46163.1	46083.1	"2"	51
48332.1	46086.1	46082.1	"1"	51
48337.1	46086.1	46082.1	"2"	51
48342.1	26574.1	46067.1	"1"	51
48344.1	46030.1	46176.1	"1"	51
48345.1	46030.1	46176.1	"2"	51
48347.1	46201.1	46034.1	"2"	51
48348.1	46201.1	46034.1	"1"	51
48352.1	46169.1	46187.1	"1"	51
48353.1	46169.1	46187.1	"2"	51
48355.1	46090.1	46043.1	"2"	51
48358.1	46090.1	46043.1	"1"	51
48361.1	46179.1	46120.1	"2"	51
48362.1	46179.1	46120.1	"1"	51
48365.1	46055.1	46054.1	"2"	51
48366.1	46055.1	46054.1	"1"	51
48369.1	46057.1	46048.1	"2"	51
48370.1	46057.1	46048.1	"1"	51
48373.1	46346.1	46118.1	"2"	51
48374.1	46346.1	46118.1	"1"	51
48377.1	46214.1	46105.1	"2"	51
48379.1	46078.1	46072.1	"2"	51
48381.1	46217.1	46079.1	"2"	51
48382.1	46214.1	46105.1	"1"	51
48383.1	46112.1	46121.1	"2"	51
48384.1	46078.1	46072.1	"1"	51
48387.1	46089.1	46095.1	"2"	51
48390.1	46217.1	46079.1	"1"	51
48391.1	46098.1	46103.1	"2"	51
48394.1	46112.1	46121.1	"1"	51
48395.1	46097.1	46091.1	"2"	51
48398.1	46089.1	46095.1	"1"	51
48399.1	46056.1	46047.1	"2"	51
48402.1	46098.1	46103.1	"1"	51
48406.1	46097.1	46091.1	"1"	51
48408.1	46056.1	46047.1	"1"	51
48409.1	46180.1	46049.1	"2"	51
48411.1	46087.1	46104.1	"2"	51
48412.1	46180.1	46049.1	"1"	51
48416.1	46087.1	46104.1	"1"	51
48417.1	46090.1	46043.1	"2"	51
48420.1	46200.1	46041.1	"1"	51
48423.1	46218.1	46175.1	"2"	51
48425.1	46084.1	46094.1	"2"	51
48426.1	46218.1	46175.1	"1"	51
48432.1	46084.1	46094.1	"1"	51
48436.1	46160.1	46191.1	"1"	51
48439.1	46160.1	46191.1	"2"	51
48441.1	46111.1	46192.1	"2"	51
48443.1	26574.1	46067.1	"2"	51
48444.1	46038.1	46219.1	"1"	51
48445.1	46038.1	46219.1	"2"	51
48447.1	46225.1	46198.1	"2"	51
48449.1	46074.1	46208.1	"2"	51
48452.1	46225.1	46198.1	"1"	51
48456.1	46074.1	46208.1	"1"	51
48464.1	46061.1	46301.1	"1"	51
48468.1	46075.1	46351.1	"1"	51
48472.1	46070.1	46367.1	"1"	51
48473.1	46207.1	46305.1	"2"	51
48475.1	46384.1	46173.1	"2"	51
48477.1	46213.1	46199.1	"2"	51
48478.1	46174.1	46359.1	"1"	51
48479.1	46029.1	46355.1	"2"	51
48482.1	46222.1	46385.1	"1"	51
48486.1	46207.1	46305.1	"1"	51
48489.1	46077.1	46343.1	"2"	51
48490.1	46384.1	46173.1	"1"	51
48494.1	46213.1	46199.1	"1"	51
48495.1	46110.1	46196.1	"2"	51
48496.1	46029.1	46355.1	"1"	51
49004.1	46077.1	46343.1	"1"	51
49007.1	46197.1	46303.1	"2"	51
49008.1	46110.1	46196.1	"1"	51
49011.1	46167.1	46373.1	"2"	51
49012.1	46350.1	46161.1	"1"	51
49015.1	46440.1	46037.1	"2"	51
49016.1	46197.1	46303.1	"1"	51
49019.1	46031.1	46188.1	"2"	51
49020.1	46167.1	46373.1	"1"	51
49024.1	46440.1	46037.1	"1"	51
49025.1	46066.1	46216.1	"2"	51
49026.1	46031.1	46188.1	"1"	51
49027.1	46468.1	46065.1	"2"	51
49028.1	46066.1	46216.1	"1"	51
49031.1	46362.1	46168.1	"2"	51
49032.1	46468.1	46065.1	"1"	51
49035.1	46204.1	46363.1	"2"	51
49036.1	46362.1	46168.1	"1"	51
49040.1	46204.1	46363.1	"1"	51
49041.1	46342.1	46223.1	"2"	51
49045.1	46194.1	46162.1	"2"	51
49048.1	46342.1	46223.1	"1"	51
49052.1	46194.1	46162.1	"1"	51
49055.1	46085.1	46096.1	"2"	51
49056.1	46085.1	46096.1	"1"	51
49210.1	46500.1	26578.1	"1"	51
49211.1	46500.1	26578.1	"2"	51
49213.1	46492.1	46165.1	"2"	51
49214.1	46492.1	46165.1	"1"	51
49217.1	46394.1	46166.1	"2"	51
49218.1	46394.1	46166.1	"1"	51
49221.1	46460.1	46183.1	"2"	51
49222.1	46460.1	46183.1	"1"	51
49226.1	46444.1	46449.1	"1"	51
49229.1	46444.1	46449.1	"2"	51
49230.1	46456.1	46195.1	"1"	51
49231.1	46456.1	46195.1	"2"	51
49233.1	46396.1	46203.1	"2"	51
49234.1	46396.1	46203.1	"1"	51
49237.1	46060.1	46435.1	"2"	51
49238.1	46060.1	46435.1	"1"	51
49240.1	46178.1	46439.1	"1"	51
49243.1	46178.1	46439.1	"2"	51
49245.1	46190.1	46443.1	"2"	51
49246.1	46190.1	46443.1	"1"	51
49249.1	46390.1	46032.1	"2"	51
49251.1	46464.1	46039.1	"2"	51
49254.1	46464.1	46039.1	"1"	51
49255.1	46396.1	46203.1	"2"	51
49258.1	46396.1	46203.1	"1"	51
49259.1	46181.1	46391.1	"2"	51
49262.1	46181.1	46391.1	"1"	51
49263.1	46021.1	46471.1	"2"	51
49266.1	46021.1	46471.1	"1"	51
49267.1	46646.1	46395.1	"2"	51
49270.1	46646.1	46395.1	"1"	51
49274.1	46432.1	46481.1	"1"	51
49278.1	46306.1	46321.1	"1"	51
49282.1	46452.1	46647.1	"1"	51
49286.1	46488.1	46475.1	"1"	51
49287.1	46488.1	46475.1	"2"	51
49289.1	46477.1	46489.1	"2"	51
49293.1	46480.1	46399.1	"2"	51
49294.1	46480.1	46399.1	"1"	51
49297.1	46193.1	46485.1	"2"	51
49298.1	46193.1	46485.1	"1"	51
49383.1	50136.1	50177.1	"2"	53
49401.1	46109.1	46453.1	"2"	51
49404.1	46109.1	46453.1	"1"	51
49405.1	46119.1	46643.1	"2"	51
49408.1	46119.1	46643.1	"1"	51
49409.1	46302.1	46463.1	"2"	51
49414.1	46042.1	46499.1	"1"	51
49416.1	46302.1	46463.1	"1"	51
49417.1	46042.1	46499.1	"2"	51
49424.1	46220.1	46431.1	"1"	51
49426.1	46390.1	46032.1	"2"	51
49427.1	48368.1	48385.1	"2"	52
49430.1	48368.1	48385.1	"1"	52
49431.1	48448.1	48333.1	"2"	52
49432.1	48448.1	48333.1	"1"	52
49435.1	48350.1	48359.1	"2"	52
49436.1	48350.1	48359.1	"1"	52
49439.1	48484.1	48312.1	"2"	52
49440.1	48484.1	48312.1	"1"	52
49447.1	46062.1	26579.1	"2"	51
49448.1	46062.1	26579.1	"1"	51
49451.1	46448.1	46113.1	"2"	51
49452.1	46448.1	46113.1	"1"	51
49453.1	46484.1	46459.1	"2"	51
49456.1	46484.1	46459.1	"1"	51
49461.1	48430.1	48415.1	"2"	52
49462.1	48430.1	48415.1	"1"	52
49466.1	49006.1	48303.1	"1"	52
49467.1	49006.1	48303.1	"2"	52
49470.1	49018.1	48309.1	"1"	52
49471.1	49018.1	48309.1	"2"	52
49472.1	49072.1	48413.1	"1"	52
49475.1	49072.1	48413.1	"2"	52
49476.1	48307.1	48327.1	"1"	52
49479.1	48307.1	48327.1	"2"	52
49482.1	48462.1	48336.1	"1"	52
49485.1	48462.1	48336.1	"2"	52
49486.1	49030.1	48405.1	"1"	52
49487.1	49030.1	48405.1	"2"	52
49490.1	48310.1	48421.1	"1"	52
49494.1	49050.1	48319.1	"1"	52
49497.1	48310.1	48421.1	"2"	52
49498.1	49046.1	48339.1	"1"	52
49499.1	49050.1	48319.1	"2"	52
50076.1	49460.1	50339.1	"1"	53
50078.1	50196.1	49429.1	"1"	53
50085.1	50110.1	50233.1	"2"	53
50086.1	50222.1	50139.1	"1"	53
50092.1	50130.1	50199.1	"1"	53
50094.1	49478.1	50173.1	"1"	53
50095.1	50130.1	50199.1	"2"	53
50099.1	49478.1	50173.1	"2"	53
50100.1	50136.1	50177.1	"1"	53
50102.1	48454.1	48341.1	"1"	52
50103.1	49046.1	48339.1	"2"	52
50106.1	48308.1	48349.1	"1"	52
50107.1	48454.1	48341.1	"2"	52
50114.1	48388.1	48320.1	"1"	52
50115.1	48308.1	48349.1	"2"	52
50118.1	48321.1	48371.1	"1"	52
50119.1	48388.1	48320.1	"2"	52
50121.1	48321.1	48371.1	"2"	52
50122.1	47718.1	48357.1	"1"	52
50125.1	47718.1	48357.1	"2"	52
50129.1	48315.1	48438.1	"2"	52
50131.1	48354.1	48427.1	"2"	52
50132.1	48315.1	48438.1	"1"	52
50134.1	48354.1	48427.1	"1"	52
50137.1	49038.1	48431.1	"2"	52
50140.1	49038.1	48431.1	"1"	52
50143.1	48334.1	48429.1	"2"	52
50146.1	48334.1	48429.1	"1"	52
50147.1	48458.1	48335.1	"2"	52
50148.1	48458.1	48335.1	"1"	52
50150.1	46394.1	46166.1	"1"	52
50151.1	46394.1	46166.1	"2"	52
50152.1	48424.1	49069.1	"1"	52
50153.1	48424.1	49069.1	"2"	52
50156.1	48372.1	48453.1	"1"	52
50158.1	48318.1	49053.1	"1"	52
50159.1	48372.1	48453.1	"2"	52
50163.1	48318.1	49053.1	"2"	52
50164.1	48414.1	49023.1	"1"	52
50168.1	48446.1	48459.1	"1"	52
50172.1	48378.1	48497.1	"1"	52
50182.1	49010.1	48469.1	"1"	52
50185.1	49044.1	48483.1	"2"	52
50186.1	49044.1	48483.1	"1"	52
50189.1	48458.1	48335.1	"2"	52
50190.1	49060.1	49201.1	"1"	52
50191.1	49060.1	49201.1	"2"	52
50194.1	48428.1	49067.1	"1"	52
50195.1	48428.1	49067.1	"2"	52
50198.1	48410.1	49091.1	"1"	52
50201.1	49054.1	49205.1	"2"	52
50202.1	49054.1	49205.1	"1"	52
50205.1	49076.1	48440.1	"2"	52
50206.1	49076.1	48440.1	"1"	52
50210.1	48404.1	49017.1	"1"	52
50211.1	48404.1	49017.1	"2"	52
50216.1	48404.1	49017.1	"1"	52
50217.1	48410.1	49091.1	"2"	52
50220.1	48460.1	49085.1	"1"	52
50223.1	48466.1	49013.1	"2"	52
50225.1	49500.1	49049.1	"2"	52
50226.1	48466.1	49013.1	"1"	52
50230.1	49500.1	49049.1	"1"	52
50234.1	49034.1	49005.1	"1"	52
50235.1	49034.1	49005.1	"2"	52
50237.1	48422.1	48437.1	"2"	52
50238.1	48386.1	49079.1	"2"	52
50241.1	48364.1	48039.1	"2"	52
50242.1	48364.1	48039.1	"1"	52
50245.1	48422.1	48437.1	"1"	52
50248.1	48434.1	49029.1	"1"	52
50252.1	48492.1	48481.1	"1"	52
50253.1	48434.1	49029.1	"2"	52
50255.1	48492.1	48481.1	"2"	52
50258.1	48330.1	49077.1	"1"	52
50259.1	48330.1	49077.1	"2"	52
50262.1	49082.1	49037.1	"1"	52
50265.1	49082.1	49037.1	"2"	52
50266.1	48488.1	48403.1	"1"	52
50269.1	48488.1	48403.1	"2"	52
50279.1	49208.1	48329.1	"2"	52
50282.1	49280.1	48343.1	"1"	52
50286.1	49216.1	48435.1	"1"	52
50288.1	49232.1	48397.1	"1"	52
50293.1	49236.1	48419.1	"2"	52
50296.1	49236.1	48419.1	"1"	52
50299.1	49066.1	48485.1	"2"	52
50300.1	49066.1	48485.1	"1"	52
50303.1	49086.1	49065.1	"2"	52
50304.1	49086.1	49065.1	"1"	52
50310.1	48386.1	49079.1	"1"	52
50311.1	48498.1	49275.1	"2"	52
50315.1	49422.1	49265.1	"2"	52
50316.1	48356.1	49227.1	"1"	52
50322.1	49422.1	49265.1	"1"	52
50326.1	49272.1	48457.1	"1"	52
50327.1	48346.1	49281.1	"2"	52
50330.1	48346.1	49281.1	"1"	52
50333.1	48396.1	49261.1	"2"	52
50335.1	49014.1	49253.1	"2"	52
50336.1	48396.1	49261.1	"1"	52
50340.1	49014.1	49253.1	"1"	52
50341.1	48407.1	49295.1	"2"	52
50344.1	48407.1	49295.1	"1"	52
50345.1	48400.1	49235.1	"2"	52
50348.1	48400.1	49235.1	"1"	52
50351.1	49088.1	49081.1	"2"	52
50354.1	49088.1	49081.1	"1"	52
50355.1	49300.1	49257.1	"2"	52
50358.1	49300.1	49257.1	"1"	52
50359.1	49420.1	49269.1	"2"	52
50364.1	49094.1	49219.1	"1"	52
50365.1	49094.1	49219.1	"2"	52
50369.1	49260.1	49277.1	"2"	52
50370.1	49260.1	49277.1	"1"	52
50374.1	48499.1	49273.1	"1"	52
50375.1	48499.1	49273.1	"2"	52
50377.1	49096.1	48442.1	"2"	52
50382.1	49292.1	48393.1	"1"	52
50383.1	49292.1	48393.1	"2"	52
50385.1	48418.1	49241.1	"2"	52
50386.1	48418.1	49241.1	"1"	52
50390.1	49268.1	49421.1	"1"	52
50391.1	49268.1	49421.1	"2"	52
50396.1	49252.1	49445.1	"1"	52
50397.1	49252.1	49445.1	"2"	52
50404.1	49022.1	49061.1	"1"	52
50405.1	49022.1	49061.1	"2"	52
50406.1	48392.1	49043.1	"1"	52
50407.1	48392.1	49043.1	"2"	52
50411.1	49042.1	49407.1	"2"	52
50412.1	49042.1	49407.1	"1"	52
50417.1	48340.1	49413.1	"2"	52
50419.1	49280.1	48343.1	"2"	52
50420.1	48340.1	49413.1	"1"	52
50421.1	49450.1	49239.1	"2"	52
50429.1	49454.1	48301.1	"2"	52
50430.1	49450.1	49239.1	"1"	52
50431.1	49244.1	48487.1	"2"	52
50432.1	49454.1	48301.1	"1"	52
50474.1	49484.1	49441.1	"1"	53
50475.1	49484.1	49441.1	"2"	53
50478.1	50244.1	49443.1	"1"	53
50479.1	50244.1	49443.1	"2"	53
50482.1	49480.1	49473.1	"1"	53
50485.1	49480.1	49473.1	"2"	53
50486.1	50224.1	49477.1	"1"	53
50487.1	50224.1	49477.1	"2"	53
50490.1	50160.1	49481.1	"1"	53
50491.1	50160.1	49481.1	"2"	53
50494.1	50256.1	49483.1	"1"	53
50496.1	50240.1	49495.1	"1"	53
50497.1	50256.1	49483.1	"2"	53
50500.1	50192.1	50127.1	"1"	53
50701.1	50240.1	49495.1	"2"	53
50703.1	50192.1	50127.1	"2"	53
50704.1	49434.1	50157.1	"1"	53
50707.1	49434.1	50157.1	"2"	53
50708.1	50116.1	50203.1	"1"	53
50712.1	50184.1	50145.1	"1"	53
50715.1	50116.1	50203.1	"2"	53
50716.1	49500.1	50219.1	"1"	53
50719.1	50184.1	50145.1	"2"	53
50722.1	49428.1	50261.1	"1"	53
50723.1	49500.1	50219.1	"2"	53
50728.1	49438.1	50273.1	"1"	53
50729.1	49428.1	50261.1	"2"	53
50731.1	49438.1	50273.1	"2"	53
50735.1	50272.1	49491.1	"2"	53
50736.1	50272.1	49491.1	"1"	53
50740.1	50200.1	50109.1	"1"	53
50741.1	50200.1	50109.1	"2"	53
50744.1	50108.1	50128.1	"1"	53
50745.1	50108.1	50128.1	"2"	53
50746.1	50214.1	50120.1	"1"	53
50749.1	50214.1	50120.1	"2"	53
50752.1	49442.1	50141.1	"1"	53
50753.1	49442.1	50141.1	"2"	53
50755.1	49444.1	50135.1	"2"	53
50756.1	49444.1	50135.1	"1"	53
50760.1	50250.1	50133.1	"1"	53
50763.1	50250.1	50133.1	"2"	53
50764.1	49492.1	50161.1	"1"	53
50767.1	49492.1	50161.1	"2"	53
50770.1	50166.1	49433.1	"1"	53
50771.1	50166.1	49433.1	"2"	53
50774.1	50246.1	49437.1	"1"	53
50775.1	50246.1	49437.1	"2"	53
50778.1	50236.1	49465.1	"1"	53
50779.1	50236.1	49465.1	"2"	53
50784.1	50142.1	49489.1	"1"	53
50787.1	50142.1	49489.1	"2"	53
50788.1	50104.1	50171.1	"1"	53
50792.1	50104.1	50171.1	"2"	53
50793.1	49496.1	50301.1	"2"	53
50794.1	49496.1	50301.1	"1"	53
50795.1	49460.1	50339.1	"2"	53
50797.1	50196.1	49429.1	"2"	53
50798.1	50110.1	50233.1	"1"	53
50799.1	50222.1	50139.1	"2"	53
51201.1	49464.1	50413.1	"2"	53
51202.1	50318.1	50179.1	"1"	53
51204.1	49464.1	50413.1	"1"	53
51205.1	50314.1	50101.1	"2"	53
51209.1	50162.1	50291.1	"2"	53
51210.1	50314.1	50101.1	"1"	53
51211.1	50138.1	50393.1	"2"	53
51216.1	50162.1	50291.1	"1"	53
51219.1	50144.1	50409.1	"2"	53
51220.1	50138.1	50393.1	"1"	53
51221.1	50170.1	50271.1	"2"	53
51223.1	50428.1	50183.1	"2"	53
51224.1	50144.1	50409.1	"1"	53
51228.1	50170.1	50271.1	"1"	53
51229.1	50298.1	50117.1	"2"	53
51233.1	50388.1	50113.1	"2"	53
51234.1	50428.1	50183.1	"1"	53
51236.1	50298.1	50117.1	"1"	53
51239.1	50302.1	50187.1	"2"	53
51240.1	50388.1	50113.1	"1"	53
51241.1	50362.1	49463.1	"2"	53
51243.1	50264.1	50257.1	"2"	53
51244.1	50302.1	50187.1	"1"	53
51245.1	49488.1	50415.1	"2"	53
51247.1	50346.1	50105.1	"2"	53
51250.1	50362.1	49463.1	"1"	53
51254.1	49488.1	50415.1	"1"	53
51257.1	50414.1	49469.1	"2"	53
51258.1	50346.1	50105.1	"1"	53
51259.1	50126.1	50349.1	"2"	53
51262.1	50414.1	49469.1	"1"	53
51263.1	50422.1	50249.1	"2"	53
51268.1	50126.1	50349.1	"1"	53
51272.1	50264.1	50257.1	"1"	53
51275.1	50312.1	50277.1	"2"	53
51276.1	50422.1	50249.1	"1"	53
51277.1	50228.1	50175.1	"2"	53
51280.1	50228.1	50175.1	"1"	53
51281.1	50204.1	50231.1	"2"	53
51283.1	50174.1	50243.1	"2"	53
51284.1	50204.1	50231.1	"1"	53
51288.1	50174.1	50243.1	"1"	53
51289.1	50138.1	50389.1	"2"	53
51291.1	50276.1	50239.1	"2"	53
51294.1	50138.1	50389.1	"1"	53
51295.1	50312.1	50277.1	"2"	53
51297.1	49468.1	50263.1	"2"	53
51302.1	50276.1	50239.1	"1"	53
51303.1	50188.1	50227.1	"2"	53
51304.1	50312.1	50277.1	"1"	53
51307.1	50270.1	50209.1	"2"	53
51308.1	49468.1	50263.1	"1"	53
51309.1	50188.1	50227.1	"1"	53
51313.1	50162.1	50291.1	"2"	53
51319.1	50318.1	50179.1	"2"	53
51324.1	50350.1	50215.1	"1"	53
51327.1	50350.1	50215.1	"2"	53
51328.1	50394.1	50213.1	"1"	53
51329.1	50394.1	50213.1	"2"	53
51334.1	50356.1	50169.1	"1"	53
51335.1	50356.1	50169.1	"2"	53
51338.1	50392.1	50165.1	"1"	53
51339.1	50392.1	50165.1	"2"	53
51342.1	50446.1	50251.1	"1"	53
51345.1	50446.1	50251.1	"2"	53
51346.1	50306.1	50267.1	"1"	53
51349.1	50306.1	50267.1	"2"	53
51350.1	50372.1	50283.1	"1"	53
51351.1	50372.1	50283.1	"2"	53
51355.1	50208.1	50297.1	"2"	53
51356.1	50208.1	50297.1	"1"	53
51359.1	50424.1	50287.1	"2"	53
51360.1	50424.1	50287.1	"1"	53
51361.1	50334.1	50305.1	"2"	53
51364.1	50334.1	50305.1	"1"	53
51367.1	50254.1	50307.1	"2"	53
51368.1	50254.1	50307.1	"1"	53
51371.1	50260.1	50317.1	"2"	53
51372.1	50260.1	50317.1	"1"	53
51375.1	50290.1	50309.1	"2"	53
51376.1	50290.1	50309.1	"1"	53
51377.1	50154.1	50367.1	"2"	53
51380.1	50154.1	50367.1	"1"	53
51383.1	50292.1	50319.1	"2"	53
51384.1	50292.1	50319.1	"1"	53
51387.1	50400.1	50295.1	"2"	53
51388.1	50400.1	50295.1	"1"	53
51392.1	50328.1	50347.1	"1"	53
51395.1	50328.1	50347.1	"2"	53
51396.1	50212.1	50379.1	"1"	53
51399.1	50212.1	50379.1	"2"	53
51400.1	50176.1	50353.1	"1"	53
51420.1	50320.1	50465.1	"1"	53
51454.1	50178.1	50425.1	"1"	53
51455.1	50176.1	50353.1	"2"	53
51461.1	50320.1	50465.1	"2"	53
51463.1	50178.1	50425.1	"2"	53
51602.1	50218.1	50373.1	"1"	53
51603.1	50218.1	50373.1	"2"	53
51604.1	50332.1	50313.1	"1"	53
51607.1	50332.1	50313.1	"2"	53
51608.1	50472.1	50461.1	"1"	53
51609.1	50472.1	50461.1	"2"	53
51613.1	50360.1	50331.1	"2"	53
51614.1	50360.1	50331.1	"1"	53
51616.1	50426.1	50381.1	"2"	53
51618.1	50426.1	50381.1	"1"	53
51621.1	50442.1	50357.1	"2"	53
51624.1	50442.1	50357.1	"1"	53
51627.1	50398.1	50363.1	"2"	53
51628.1	50398.1	50363.1	"1"	53
51631.1	50308.1	50403.1	"2"	53
51634.1	50308.1	50403.1	"1"	53
51641.1	50462.1	50459.1	"2"	53
51642.1	50462.1	50459.1	"1"	53
51644.1	50448.1	50361.1	"1"	53
51645.1	50448.1	50361.1	"2"	53
51648.1	50378.1	50399.1	"1"	53
51651.1	50378.1	50399.1	"2"	53
51654.1	50384.1	50395.1	"1"	53
51656.1	50294.1	50247.1	"1"	53
51657.1	50384.1	50395.1	"2"	53
51660.1	50748.1	51249.1	"1"	54
51661.1	50294.1	50247.1	"2"	53
51662.1	49378.1	51267.1	"1"	54
51665.1	49378.1	51267.1	"2"	54
51666.1	50476.1	50743.1	"1"	54
51669.1	50748.1	51249.1	"2"	54
51672.1	51206.1	50477.1	"1"	54
51673.1	50476.1	50743.1	"2"	54
51676.1	50726.1	50733.1	"1"	54
51681.1	51206.1	50477.1	"2"	54
51682.1	50742.1	50737.1	"1"	54
51683.1	50726.1	50733.1	"2"	54
51686.1	50710.1	50759.1	"1"	54
51689.1	50742.1	50737.1	"2"	54
51690.1	50702.1	50751.1	"1"	54
51693.1	50710.1	50759.1	"2"	54
51694.1	51248.1	50791.1	"1"	54
51695.1	50702.1	50751.1	"2"	54
51698.1	50750.1	50097.1	"1"	54
51699.1	51248.1	50791.1	"2"	54
51700.1	50758.1	50089.1	"1"	54
51705.1	50758.1	50089.1	"2"	54
51706.1	50730.1	51215.1	"1"	54
51709.1	50750.1	50097.1	"2"	54
51710.1	50772.1	51207.1	"1"	54
51713.1	50730.1	51215.1	"2"	54
51714.1	50768.1	51225.1	"1"	54
51717.1	50772.1	51207.1	"2"	54
51718.1	51232.1	51253.1	"1"	54
51722.1	51230.1	51251.1	"1"	54
51723.1	50768.1	51225.1	"2"	54
51727.1	51232.1	51253.1	"2"	54
51728.1	51270.1	51285.1	"1"	54
51731.1	51230.1	51251.1	"2"	54
51734.1	50796.1	51305.1	"1"	54
51737.1	50796.1	51305.1	"2"	54
51738.1	51226.1	51365.1	"1"	54
51739.1	51270.1	51285.1	"2"	54
51742.1	50762.1	51261.1	"1"	54
51745.1	51226.1	51365.1	"2"	54
51746.1	50498.1	51255.1	"1"	54
51747.1	50762.1	51261.1	"2"	54
51748.1	50480.1	51287.1	"1"	54
51752.1	51222.1	51271.1	"1"	54
51753.1	50498.1	51255.1	"2"	54
51756.1	50088.1	50725.1	"1"	54
51759.1	50480.1	51287.1	"2"	54
51760.1	51212.1	50721.1	"1"	54
51764.1	50714.1	50077.1	"1"	54
51765.1	51222.1	51271.1	"2"	54
51767.1	50088.1	50725.1	"2"	54
51770.1	50766.1	51217.1	"1"	54
51771.1	51212.1	50721.1	"2"	54
51774.1	50084.1	51273.1	"1"	54
51775.1	50714.1	50077.1	"2"	54
51778.1	50098.1	50747.1	"1"	54
51779.1	50766.1	51217.1	"2"	54
51782.1	50096.1	51451.1	"1"	54
51785.1	50084.1	51273.1	"2"	54
51791.1	50098.1	50747.1	"2"	54
51794.1	50488.1	50093.1	"1"	54
51795.1	50096.1	51451.1	"2"	54
51801.1	50488.1	50093.1	"2"	54
51804.1	50770.1	51269.1	"1"	54
51810.1	50718.1	51323.1	"1"	54
51811.1	50770.1	51269.1	"2"	54
51812.1	51214.1	51397.1	"1"	54
51813.1	50718.1	51323.1	"2"	54
51815.1	51214.1	51397.1	"2"	54
51816.1	51246.1	51333.1	"1"	54
51819.1	51246.1	51333.1	"2"	54
51820.1	51260.1	51369.1	"1"	54
51823.1	51260.1	51369.1	"2"	54
51828.1	50080.1	51389.1	"1"	54
51829.1	50080.1	51389.1	"2"	54
51831.1	51290.1	51379.1	"2"	54
51832.1	51290.1	51379.1	"1"	54
51833.1	51322.1	50717.1	"2"	54
51836.1	51322.1	50717.1	"1"	54
51839.1	51310.1	51325.1	"2"	54
51840.1	51310.1	51325.1	"1"	54
51842.1	51238.1	51317.1	"1"	54
51845.1	51238.1	51317.1	"2"	54
51847.1	50800.1	51373.1	"2"	54
51850.1	50800.1	51373.1	"1"	54
51853.1	50734.1	49381.1	"2"	54
51854.1	50734.1	49381.1	"1"	54
51857.1	51282.1	51235.1	"2"	54
51858.1	51282.1	51235.1	"1"	54
51863.1	51278.1	50727.1	"2"	54
51866.1	51278.1	50727.1	"1"	54
51867.1	51286.1	51213.1	"2"	54
51870.1	51286.1	51213.1	"1"	54
51871.1	51292.1	51231.1	"2"	54
51875.1	51326.1	50087.1	"2"	54
51876.1	51292.1	51231.1	"1"	54
51877.1	51340.1	50495.1	"2"	54
51878.1	51326.1	50087.1	"1"	54
51881.1	51306.1	50785.1	"2"	54
51882.1	51340.1	50495.1	"1"	54
51883.1	51640.1	50489.1	"2"	54
51886.1	51298.1	51203.1	"1"	54
51890.1	51640.1	50489.1	"1"	54
51891.1	50780.1	50321.1	"2"	54
51892.1	50780.1	50321.1	"1"	54
51896.1	51296.1	50079.1	"1"	54
51897.1	51296.1	50079.1	"2"	54
51901.1	51218.1	51315.1	"2"	54
51902.1	51218.1	51315.1	"1"	54
51905.1	51318.1	50761.1	"2"	54
51906.1	51318.1	50761.1	"1"	54
51910.1	51242.1	51363.1	"1"	54
51911.1	51242.1	51363.1	"2"	54
51913.1	51320.1	51453.1	"2"	54
51914.1	51320.1	51453.1	"1"	54
51916.1	51266.1	51381.1	"1"	54
51920.1	50754.1	51805.1	"1"	54
51923.1	51266.1	51381.1	"2"	54
51924.1	50790.1	51475.1	"1"	54
51927.1	50754.1	51805.1	"2"	54
51930.1	51252.1	51635.1	"1"	54
51933.1	50790.1	51475.1	"2"	54
51935.1	51252.1	51635.1	"2"	54
51936.1	50786.1	51425.1	"1"	54
51940.1	50492.1	51611.1	"1"	54
51941.1	50786.1	51425.1	"2"	54
51944.1	51208.1	51385.1	"1"	54
51947.1	50492.1	51611.1	"2"	54
51949.1	51208.1	51385.1	"2"	54
51950.1	51274.1	50483.1	"1"	54
51953.1	51274.1	50483.1	"2"	54
51956.1	51336.1	51423.1	"1"	54
51959.1	51336.1	51423.1	"2"	54
51961.1	51330.1	51265.1	"2"	54
51962.1	51330.1	51265.1	"1"	54
51965.1	51362.1	50739.1	"2"	54
51966.1	51362.1	50739.1	"1"	54
51971.1	51352.1	51357.1	"2"	54
51972.1	51352.1	51357.1	"1"	54
51976.1	51354.1	51419.1	"1"	54
51979.1	51354.1	51419.1	"2"	54
51980.1	51606.1	51391.1	"1"	54
51981.1	51606.1	51391.1	"2"	54
51982.1	51650.1	50493.1	"1"	54
51984.1	51652.1	50789.1	"1"	54
51987.1	51652.1	50789.1	"2"	54
51991.1	50484.1	51643.1	"2"	54
51992.1	50484.1	51643.1	"1"	54
51993.1	51348.1	51421.1	"2"	54
51994.1	51348.1	51421.1	"1"	54
51997.1	51374.1	50705.1	"2"	54
51998.1	51300.1	50713.1	"1"	54
52000.1	51358.1	51639.1	"1"	54
52003.1	51300.1	50713.1	"2"	54
52004.1	51646.1	51237.1	"1"	54
52009.1	51358.1	51639.1	"2"	54
52011.1	51646.1	51237.1	"2"	54
52012.1	51418.1	51353.1	"1"	54
52014.1	50738.1	51465.1	"1"	54
52015.1	51418.1	51353.1	"2"	54
52018.1	51306.1	50785.1	"1"	54
52019.1	50738.1	51465.1	"2"	54
52022.1	50724.1	51653.1	"1"	54
52026.1	50090.1	51647.1	"1"	54
52027.1	50724.1	51653.1	"2"	54
52030.1	51610.1	51347.1	"1"	54
52031.1	50090.1	51647.1	"2"	54
52035.1	51610.1	51347.1	"2"	54
52036.1	50782.1	51625.1	"1"	54
52040.1	51452.1	51659.1	"1"	54
52041.1	50782.1	51625.1	"2"	54
52044.1	51456.1	50499.1	"1"	54
52045.1	51452.1	51659.1	"2"	54
52048.1	51394.1	50769.1	"1"	54
52049.1	51456.1	50499.1	"2"	54
52053.1	50720.1	51393.1	"2"	54
52055.1	51314.1	51619.1	"2"	54
52058.1	51366.1	51341.1	"1"	54
52059.1	51394.1	50769.1	"2"	54
52062.1	51636.1	51457.1	"1"	54
52063.1	51366.1	51341.1	"2"	54
52066.1	51382.1	51633.1	"1"	54
52067.1	51636.1	51457.1	"2"	54
52071.1	51382.1	51633.1	"2"	54
52072.1	51622.1	51293.1	"1"	54
52073.1	51622.1	51293.1	"2"	54
52076.1	51942.1	51817.1	"1"	55
52077.1	51912.1	51769.1	"2"	55
52079.1	51934.1	51711.1	"2"	55
52081.1	51952.1	51885.1	"2"	55
52083.1	51818.1	52021.1	"2"	55
52088.1	51934.1	51711.1	"1"	55
52092.1	51952.1	51885.1	"1"	55
52093.1	51784.1	52033.1	"2"	55
52096.1	51818.1	52021.1	"1"	55
52099.1	51664.1	51917.1	"2"	55
52100.1	51758.1	51943.1	"1"	55
52101.1	51620.1	51629.1	"2"	54
52102.1	51620.1	51629.1	"1"	54
52103.1	51386.1	50091.1	"2"	54
52107.1	51766.1	51809.1	"2"	55
52108.1	51766.1	51809.1	"1"	55
52109.1	51744.1	51835.1	"2"	55
52112.1	51744.1	51835.1	"1"	55
52115.1	51702.1	51851.1	"2"	55
52116.1	51702.1	51851.1	"1"	55
52117.1	51776.1	51861.1	"2"	55
52120.1	51776.1	51861.1	"1"	55
52123.1	51684.1	51761.1	"2"	55
52124.1	51684.1	51761.1	"1"	55
52127.1	51716.1	51741.1	"2"	55
52131.1	51814.1	51787.1	"2"	55
52132.1	51716.1	51741.1	"1"	55
52136.1	51814.1	51787.1	"1"	55
52138.1	51386.1	50091.1	"1"	54
52139.1	51398.1	51615.1	"2"	54
52144.1	51398.1	51615.1	"1"	54
52145.1	51802.1	51337.1	"2"	54
52149.1	51390.1	51459.1	"2"	54
52150.1	51802.1	51337.1	"1"	54
52152.1	51390.1	51459.1	"1"	54
52153.1	51808.1	51773.1	"2"	55
52156.1	51808.1	51773.1	"1"	55
52159.1	51796.1	51865.1	"2"	55
52161.1	51806.1	51879.1	"2"	55
52162.1	51796.1	51865.1	"1"	55
52164.1	51806.1	51879.1	"1"	55
52165.1	51826.1	51715.1	"2"	55
52168.1	51826.1	51715.1	"1"	55
52169.1	51736.1	51671.1	"2"	55
52173.1	51708.1	51707.1	"2"	55
52174.1	51736.1	51671.1	"1"	55
52175.1	50082.1	51617.1	"2"	54
52177.1	51638.1	51279.1	"2"	54
52178.1	50082.1	51617.1	"1"	54
52180.1	51638.1	51279.1	"1"	54
52182.1	51912.1	51769.1	"1"	55
52185.1	51630.1	51301.1	"2"	54
52186.1	51630.1	51301.1	"1"	54
52191.1	51712.1	51837.1	"2"	55
52192.1	51708.1	51707.1	"1"	55
52193.1	51758.1	51943.1	"2"	55
52197.1	51942.1	51817.1	"2"	55
52198.1	51712.1	51837.1	"1"	55
54100.1	51784.1	52033.1	"1"	55
54104.1	51664.1	51917.1	"1"	55
54105.1	51838.1	51909.1	"2"	55
54106.1	51838.1	51909.1	"1"	55
54109.1	51830.1	51893.1	"2"	55
54113.1	51880.1	52013.1	"2"	55
54114.1	51830.1	51893.1	"1"	55
54116.1	51880.1	52013.1	"1"	55
54117.1	51874.1	52029.1	"2"	55
54121.1	51974.1	51667.1	"2"	55
54124.1	51874.1	52029.1	"1"	55
54125.1	51918.1	51859.1	"2"	55
54126.1	51974.1	51667.1	"1"	55
54130.1	51918.1	51859.1	"1"	55
54131.1	51704.1	52025.1	"2"	55
54133.1	52010.1	52007.1	"2"	55
54134.1	51704.1	52025.1	"1"	55
54138.1	52010.1	52007.1	"1"	55
54139.1	52002.1	51685.1	"2"	55
54141.1	51968.1	51955.1	"2"	55
54142.1	52002.1	51685.1	"1"	55
54146.1	51968.1	51955.1	"1"	55
54147.1	51922.1	52005.1	"2"	55
54149.1	51932.1	51777.1	"2"	55
54150.1	51922.1	52005.1	"1"	55
54153.1	51908.1	51733.1	"2"	55
54154.1	51932.1	51777.1	"1"	55
54157.1	51862.1	51687.1	"2"	55
54158.1	51908.1	51733.1	"1"	55
54161.1	51978.1	51873.1	"2"	55
54164.1	51862.1	51687.1	"1"	55
54165.1	51996.1	52037.1	"2"	55
54166.1	51978.1	51873.1	"1"	55
54169.1	51938.1	51749.1	"2"	55
54170.1	51938.1	51749.1	"1"	55
54173.1	51754.1	51903.1	"2"	55
54176.1	51996.1	52037.1	"1"	55
54178.1	51754.1	51903.1	"1"	55
54179.1	51904.1	51755.1	"2"	55
54182.1	51904.1	51755.1	"1"	55
54183.1	51990.1	51691.1	"2"	55
54186.1	51990.1	51691.1	"1"	55
54187.1	51730.1	51999.1	"2"	55
54190.1	51730.1	51999.1	"1"	55
54193.1	51632.1	51299.1	"2"	55
54194.1	51958.1	51797.1	"1"	55
54196.1	51632.1	51299.1	"1"	55
54198.1	51986.1	51735.1	"1"	55
54199.1	51958.1	51797.1	"2"	55
54201.1	51986.1	51735.1	"2"	55
54207.1	51730.1	51999.1	"2"	55
54209.1	51964.1	51781.1	"2"	55
54213.1	521820.1	51937.1	"2"	55
54216.1	51868.1	52069.1	"1"	55
54217.1	51846.1	51989.1	"2"	55
54220.1	52050.1	51985.1	"1"	55
54221.1	52060.1	51841.1	"2"	55
54226.1	51948.1	52141.1	"1"	55
54227.1	51868.1	52069.1	"2"	55
54229.1	52050.1	51985.1	"2"	55
54230.1	52064.1	51945.1	"1"	55
54233.1	51948.1	52141.1	"2"	55
54234.1	51856.1	51925.1	"1"	55
54237.1	52064.1	51945.1	"2"	55
54238.1	51822.1	52043.1	"1"	55
54240.1	52042.1	51725.1	"1"	55
54243.1	51856.1	51925.1	"2"	55
54244.1	51872.1	51967.1	"1"	55
54245.1	51822.1	52043.1	"2"	55
54248.1	52008.1	52051.1	"1"	55
54249.1	52042.1	51725.1	"2"	55
54252.1	52028.1	51821.1	"1"	55
54253.1	51872.1	51967.1	"2"	55
54256.1	52146.1	51929.1	"1"	55
54257.1	52008.1	52051.1	"2"	55
54260.1	52016.1	52183.1	"1"	55
54261.1	52028.1	51821.1	"2"	55
54266.1	52074.1	51975.1	"1"	55
54267.1	52146.1	51929.1	"2"	55
54269.1	52016.1	52183.1	"2"	55
54270.1	52056.1	51951.1	"1"	55
54274.1	52140.1	51763.1	"1"	55
54276.1	51724.1	52061.1	"1"	55
54277.1	52074.1	51975.1	"2"	55
54279.1	52056.1	51951.1	"2"	55
54282.1	52184.1	51957.1	"1"	55
54283.1	52140.1	51763.1	"2"	55
54284.1	52038.1	52065.1	"1"	55
54289.1	51724.1	52061.1	"2"	55
54290.1	52046.1	51849.1	"1"	55
54291.1	52184.1	51957.1	"2"	55
54294.1	52188.1	51701.1	"1"	55
54295.1	52038.1	52065.1	"2"	55
54298.1	51750.1	52075.1	"1"	55
54299.1	52046.1	51849.1	"2"	55
54300.1	51888.1	51825.1	"1"	55
54303.1	52188.1	51701.1	"2"	55
54304.1	51872.1	51967.1	"1"	55
54307.1	51750.1	52075.1	"2"	55
54310.1	51926.1	52181.1	"1"	55
54311.1	51888.1	51825.1	"2"	55
54315.1	51872.1	51967.1	"2"	55
54316.1	51678.1	52151.1	"1"	55
54319.1	51926.1	52181.1	"2"	55
54320.1	52024.1	51899.1	"1"	55
54323.1	51678.1	52151.1	"2"	55
54324.1	51780.1	52143.1	"1"	55
54327.1	52024.1	51899.1	"2"	55
54330.1	51762.1	52095.1	"1"	55
54331.1	51780.1	52143.1	"2"	55
54332.1	54191.1	51931.1	"1"	55
54335.1	51762.1	52095.1	"2"	55
54336.1	52020.1	51939.1	"1"	55
54339.1	54191.1	51931.1	"2"	55
54340.1	51692.1	51869.1	"1"	55
54343.1	52020.1	51939.1	"2"	55
54346.1	52148.1	51895.1	"1"	55
54347.1	51692.1	51869.1	"2"	55
54350.1	51674.1	51983.1	"1"	55
54352.1	51740.1	51827.1	"1"	55
54353.1	52148.1	51895.1	"2"	55
54357.1	51674.1	51983.1	"2"	55
54359.1	51740.1	51827.1	"2"	55
54360.1	52006.1	51973.1	"1"	55
54363.1	52006.1	51973.1	"2"	55
54367.1	51670.1	51995.1	"2"	55
54368.1	51670.1	51995.1	"1"	55
54371.1	51898.1	52147.1	"2"	55
54372.1	51898.1	52147.1	"1"	55
54375.1	52090.1	52119.1	"2"	56
54376.1	52090.1	52119.1	"1"	56
54379.1	54102.1	52113.1	"2"	56
54380.1	54102.1	52113.1	"1"	56
54383.1	52170.1	52189.1	"2"	56
54384.1	52170.1	52189.1	"1"	56
54385.1	52160.1	52199.1	"2"	56
54388.1	52160.1	52199.1	"1"	56
54389.1	54184.1	52089.1	"2"	56
54390.1	54184.1	52089.1	"1"	56
54393.1	52098.1	54103.1	"2"	56
54396.1	52098.1	54103.1	"1"	56
54397.1	54160.1	54137.1	"2"	56
54398.1	54160.1	54137.1	"1"	56
54805.1	52032.1	52047.1	"2"	55
54808.1	54168.1	54123.1	"1"	56
54809.1	54168.1	54123.1	"2"	56
54812.1	54156.1	54119.1	"1"	56
54813.1	54156.1	54119.1	"2"	56
54816.1	52094.1	52129.1	"1"	56
54817.1	52094.1	52129.1	"2"	56
54818.1	52122.1	52111.1	"1"	56
54821.1	52134.1	52163.1	"2"	56
54822.1	52134.1	52163.1	"1"	56
54824.1	54152.1	52187.1	"1"	56
54827.1	52122.1	52111.1	"2"	56
54829.1	54152.1	52187.1	"2"	56
54830.1	52196.1	54175.1	"1"	56
54835.1	52196.1	54175.1	"2"	56
54836.1	54110.1	54155.1	"1"	56
54841.1	54110.1	54155.1	"2"	56
54842.1	54112.1	54167.1	"1"	56
54847.1	54112.1	54167.1	"2"	56
54848.1	54162.1	54181.1	"1"	56
54851.1	54162.1	54181.1	"2"	56
54853.1	52184.1	52097.1	"2"	56
54854.1	52184.1	52097.1	"1"	56
54859.1	54172.1	54163.1	"2"	56
54862.1	54172.1	54163.1	"1"	56
54863.1	52114.1	52091.1	"2"	56
54864.1	52114.1	52091.1	"1"	56
54867.1	54204.1	52171.1	"2"	56
54868.1	54204.1	52171.1	"1"	56
54871.1	52094.1	52129.1	"2"	56
54872.1	52094.1	52129.1	"1"	56
54875.1	54118.1	54251.1	"2"	56
54876.1	54218.1	52105.1	"1"	56
54879.1	54192.1	54231.1	"2"	56
54880.1	54118.1	54251.1	"1"	56
54883.1	52166.1	54241.1	"2"	56
54884.1	54192.1	54231.1	"1"	56
54887.1	54214.1	52121.1	"2"	56
54888.1	52166.1	54241.1	"1"	56
54891.1	54296.1	54127.1	"2"	56
54892.1	54214.1	52121.1	"1"	56
54895.1	54280.1	54189.1	"2"	56
54896.1	54296.1	54127.1	"1"	56
54899.1	54242.1	54171.1	"2"	56
54900.1	54280.1	54189.1	"1"	56
56203.1	54250.1	54281.1	"2"	56
56204.1	54242.1	54171.1	"1"	56
56207.1	52194.1	54239.1	"2"	56
56208.1	54250.1	54281.1	"1"	56
56211.1	52158.1	54287.1	"2"	56
56212.1	52194.1	54239.1	"1"	56
56215.1	54258.1	54107.1	"2"	56
56216.1	52158.1	54287.1	"1"	56
56219.1	52130.1	54275.1	"2"	56
56220.1	54258.1	54107.1	"1"	56
56223.1	54222.1	54135.1	"2"	56
56224.1	52130.1	54275.1	"1"	56
56227.1	54174.1	54211.1	"2"	56
56228.1	54222.1	54135.1	"1"	56
56231.1	54232.1	54185.1	"2"	56
56232.1	54174.1	54211.1	"1"	56
56235.1	54136.1	54263.1	"2"	56
56236.1	54232.1	54185.1	"1"	56
56237.1	54228.1	54151.1	"2"	56
56240.1	54136.1	54263.1	"1"	56
56241.1	52176.1	54219.1	"2"	56
56244.1	54228.1	54151.1	"1"	56
56245.1	52106.1	54235.1	"2"	56
56248.1	52176.1	54219.1	"1"	56
56249.1	52110.1	54255.1	"2"	56
56252.1	52106.1	54235.1	"1"	56
56253.1	54180.1	54293.1	"2"	56
56256.1	52110.1	54255.1	"1"	56
56257.1	54144.1	54285.1	"2"	56
56260.1	54180.1	54293.1	"1"	56
56261.1	54268.1	54143.1	"2"	56
56264.1	54144.1	54285.1	"1"	56
56265.1	54254.1	54301.1	"2"	56
56268.1	54268.1	54143.1	"1"	56
56272.1	54254.1	54301.1	"1"	56
56273.1	54246.1	54247.1	"2"	56
56275.1	54236.1	54297.1	"2"	56
56276.1	54246.1	54247.1	"1"	56
56279.1	54188.1	54215.1	"2"	56
56280.1	54236.1	54297.1	"1"	56
56284.1	54188.1	54215.1	"1"	56
