id	sire	dam	sex	generation
22504.1	25139.1	23747.1	1	F39
22505.1	24349.1	23764.1	2	F39
22506.1	24349.1	23764.1	1	F39
22507.1	24349.1	23764.1	1	F39
22508.1	24403.1	23770.1	2	F39
22509.1	24403.1	23770.1	1	F39
22520.1	24541.1	23758.1	2	F39
22521.1	24541.1	23758.1	2	F39
22522.1	24541.1	23758.1	1	F39
22523.1	24541.1	23758.1	1	F39
22524.1	24399.1	23761.1	2	F39
22525.1	24399.1	23761.1	2	F39
22526.1	24399.1	23761.1	1	F39
22527.1	24399.1	23761.1	1	F39
22528.1	23779.1	23776.1	2	F39
22529.1	23779.1	23776.1	2	F39
22530.1	23779.1	23776.1	1	F39
22531.1	23779.1	23776.1	1	F39
22532.1	24077.1	23778.1	2	F39
22533.1	24077.1	23778.1	2	F39
22534.1	24077.1	23778.1	1	F39
22535.1	24077.1	23778.1	1	F39
22547.1	24375.1	23773.1	2	F39
22548.1	24375.1	23773.1	2	F39
22549.1	24375.1	23773.1	1	F39
22550.1	24375.1	23773.1	1	F39
22551.1	24309.1	24018.1	2	F39
22554.1	24309.1	24018.1	1	F39
22675.1	24306.1	23762.1	2	F39
22676.1	24306.1	23762.1	1	F39
22677.1	24035.1	24017.1	2	F39
22678.1	24035.1	24017.1	1	F39
22680.1	23799.1	24082.1	2	F39
22681.1	23799.1	24082.1	1	F39
22711.1	23774.1	23797.1	2	F39
22712.1	23774.1	23797.1	1	F39
22713.1	23774.1	23797.1	1	F39
22714.1	24481.1	24148.1	2	F39
22715.1	24481.1	24148.1	2	F39
22716.1	24481.1	24148.1	1	F39
22717.1	24374.1	24147.1	2	F39
22718.1	24374.1	24147.1	1	F39
22719.1	24038.1	24348.1	2	F39
22720.1	24038.1	24348.1	2	F39
22721.1	24038.1	24348.1	1	F39
22722.1	24038.1	24348.1	1	F39
22723.1	24363.1	24342.1	2	F39
22725.1	24363.1	24342.1	1	F39
22728.1	24363.1	24342.1	1	F39
22762.1	24256.1	24037.1	2	F39
22763.1	24256.1	24037.1	1	F39
22764.1	24089.1	24144.1	2	F39
22765.1	24089.1	24144.1	1	F39
22766.1	24034.1	24087.1	2	F39
22767.1	24034.1	24087.1	1	F39
22768.1	25001.1	24090.1	2	F39
22769.1	25001.1	24090.1	1	F39
22785.1	24362.1	24079.1	2	F39
22787.1	24362.1	24079.1	1	F39
22788.1	24362.1	24079.1	1	F39
22789.1	23759.1	24039.1	2	F39
22790.1	23759.1	24039.1	2	F39
22791.1	23759.1	24039.1	1	F39
22792.1	23759.1	24039.1	1	F39
22820.1	23772.1	24398.1	1	F39
22821.1	23772.1	24398.1	1	F39
22822.1	23772.1	24398.1	2	F39
22823.1	23772.1	24398.1	2	F39
22826.1	23763.1	24307.1	1	F39
22848.1	24542.1	24248.1	2	F39
22850.1	24542.1	24248.1	1	F39
22852.1	23775.1	24254.1	1	F39
22854.1	23777.1	24483.1	2	F39
22855.1	23777.1	24483.1	1	F39
22876.1	24086.1	24251.1	2	F39
22877.1	24086.1	24251.1	1	F39
22878.1	24539.1	24249.1	2	F39
22879.1	24539.1	24249.1	2	F39
22880.1	24539.1	24249.1	1	F39
25638.1	24041.1	23742.1	2	F39
25640.1	24041.1	23742.1	1	F39
25641.1	24041.1	23742.1	1	F39
25688.1	23744.1	24359.1	1	F39
25689.1	25002.1	25005.1	2	F39
25690.1	25002.1	25005.1	2	F39
25691.1	25002.1	25005.1	1	F39
25692.1	24146.1	24088.1	2	F39
25693.1	24146.1	24088.1	2	F39
25694.1	24146.1	24088.1	1	F39
25695.1	24149.1	25138.1	2	F39
25697.1	24149.1	25138.1	1	F39
25699.1	24350.1	23740.1	1	F39
25700.1	24350.1	23740.1	1	F39
25701.1	25006.1	24080.1	2	F39
25703.1	23800.1	23745.1	2	F39
25704.1	23800.1	23745.1	2	F39
25705.1	23800.1	23745.1	1	F39
25707.1	23743.1	25135.1	2	F39
25709.1	23743.1	25135.1	1	F39
25710.1	23743.1	25135.1	1	F39
25826.1	24078.1	24371.1	2	F39
25827.1	24078.1	24371.1	2	F39
25828.1	24078.1	24371.1	1	F39
25829.1	24405.1	24367.1	2	F39
25830.1	24405.1	24367.1	1	F39
25831.1	24405.1	24367.1	1	F39
25832.1	24344.1	24370.1	2	F39
25833.1	24344.1	24370.1	1	F39
25848.1	24081.1	25004.1	2	F39
25849.1	24081.1	25004.1	1	F39
25850.1	24368.1	24373.1	2	F39
25851.1	24368.1	24373.1	2	F39
25852.1	24343.1	24476.1	2	F39
25853.1	24343.1	24476.1	1	F39
25854.1	24343.1	24476.1	1	F39
25855.1	24083.1	24482.1	2	F39
25856.1	24083.1	24482.1	1	F39
25857.1	24083.1	24482.1	1	F39
28005.1	23798.1	25136.1	2	F39
28006.1	23798.1	25136.1	2	F39
28007.1	23798.1	25136.1	1	F39
28009.1	24250.1	25003.1	2	F39
28010.1	24250.1	25003.1	2	F39
28011.1	24250.1	25003.1	1	F39
28077.1	24409.1	24358.1	2	F39
28078.1	24409.1	24358.1	2	F39
28079.1	24409.1	24358.1	1	F39
28256.1	24687.1	24082.1	2	F39
28257.1	24687.1	24082.1	1	F39
28341.1	23765.1	24479.1	2	F39
28343.1	23765.1	24479.1	1	F39
28915.1	25137.1	24408.1	2	F39
28916.1	25137.1	24408.1	2	F39
28917.1	25137.1	24408.1	1	F39
28918.1	23741.1	24021.1	2	F39
28919.1	23741.1	24021.1	2	F39
29147.1	22820.1	22674.1	2	F40
29148.1	22820.1	22674.1	1	F40
29149.1	22820.1	22674.1	1	F40
29150.1	22504.1	22520.1	1	F40
29151.1	22504.1	22520.1	1	F40
29152.1	22820.1	22674.1	2	F40
29153.1	22718.1	22762.1	2	F40
29154.1	22718.1	22762.1	1	F40
29264.1	22877.1	22717.1	2	F40
29265.1	22877.1	22717.1	1	F40
29266.1	22877.1	22717.1	1	F40
29267.1	22535.1	22503.1	2	F40
29268.1	22535.1	22503.1	2	F40
29269.1	22535.1	22503.1	1	F40
29270.1	22763.1	22508.1	2	F40
29271.1	22763.1	22508.1	1	F40
29332.1	22506.1	22851.1	2	F40
29333.1	22506.1	22851.1	2	F40
29334.1	22506.1	22851.1	1	F40
29335.1	22530.1	22677.1	2	F40
29336.1	22530.1	22677.1	1	F40
29337.1	22549.1	22764.1	2	F40
29338.1	22549.1	22764.1	1	F40
29339.1	22721.1	22822.1	2	F40
29340.1	22549.1	22764.1	1	F40
29341.1	22721.1	22822.1	1	F40
29342.1	22676.1	22854.1	2	F40
29343.1	22676.1	22854.1	1	F40
29344.1	22713.1	22768.1	2	F40
29346.1	22767.1	22878.1	2	F40
29347.1	22767.1	22878.1	1	F40
29469.1	22765.1	25690.1	2	F40
29470.1	22765.1	25690.1	1	F40
29471.1	22765.1	25690.1	1	F40
30006.1	22526.1	28005.1	2	F40
30007.1	22526.1	28005.1	2	F40
30009.1	22716.1	25850.1	1	F40
30010.1	22716.1	25850.1	1	F40
30011.1	22523.1	22675.1	1	F40
30015.1	22712.1	25692.1	1	F40
30017.1	22716.1	25850.1	2	F40
30018.1	22712.1	25692.1	2	F40
30019.1	22791.1	25861.1	2	F40
30021.1	22550.1	28010.1	1	F40
30022.1	22550.1	28010.1	1	F40
30023.1	25705.1	28009.1	1	F40
30024.1	22725.1	25701.1	1	F40
30025.1	22850.1	25689.1	2	F40
30026.1	22550.1	28010.1	2	F40
30027.1	25697.1	28077.1	2	F40
30028.1	22725.1	25701.1	2	F40
30029.1	22850.1	25689.1	1	F40
30030.1	22769.1	25855.1	1	F40
30031.1	22850.1	25689.1	1	F40
30032.1	22855.1	25693.1	1	F40
30033.1	22787.1	25698.1	1	F40
30034.1	22787.1	25698.1	1	F40
30035.1	25697.1	28077.1	1	F40
30036.1	22855.1	25693.1	2	F40
30037.1	22855.1	25693.1	2	F40
30039.1	22769.1	25855.1	2	F40
30040.1	25833.1	25848.1	2	F40
30041.1	25833.1	25848.1	2	F40
30042.1	25833.1	25848.1	1	F40
30043.1	22509.1	28915.1	2	F40
30044.1	22509.1	28915.1	1	F40
30045.1	22509.1	28915.1	1	F40
30046.1	22531.1	25851.1	2	F40
30089.1	22681.1	25832.1	2	F40
30091.1	22681.1	25832.1	1	F40
30092.1	22728.1	28078.1	1	F40
30117.1	25709.1	25826.1	2	F40
30118.1	25709.1	25826.1	1	F40
30119.1	28917.1	25827.1	2	F40
30120.1	28917.1	25827.1	1	F40
30264.1	22504.1	22520.1	2	F40
30265.1	22826.1	25829.1	2	F40
30266.1	22826.1	25829.1	2	F40
30267.1	22826.1	25829.1	1	F40
30268.1	28343.1	22825.1	2	F40
30269.1	28343.1	22825.1	1	F40
30270.1	28343.1	22825.1	1	F40
30304.1	22722.1	28242.1	2	F40
30305.1	22722.1	28242.1	1	F40
30306.1	22722.1	28242.1	1	F40
30307.1	22523.1	22675.1	2	F40
30308.1	25830.1	22824.1	2	F40
30309.1	25830.1	22824.1	1	F40
30310.1	22880.1	22823.1	2	F40
30311.1	22880.1	22823.1	1	F40
30363.1	25862.1	22785.1	2	F40
30364.1	25862.1	22785.1	2	F40
30365.1	25862.1	22785.1	1	F40
30366.1	22553.1	28341.1	2	F40
30367.1	22553.1	28341.1	1	F40
30368.1	22553.1	28341.1	1	F40
30369.1	22526.1	28005.1	1	F40
30370.1	28007.1	22505.1	2	F40
30371.1	28007.1	22505.1	1	F40
30372.1	28007.1	22505.1	1	F40
30373.1	28007.1	22505.1	2	F40
30374.1	25710.1	22551.1	2	F40
30375.1	25710.1	22551.1	1	F40
30466.1	22522.1	22879.1	2	F40
30467.1	22522.1	22879.1	1	F40
30469.1	25853.1	22848.1	2	F40
30470.1	25853.1	22848.1	2	F40
30471.1	25853.1	22848.1	1	F40
30472.1	25849.1	25852.1	2	F40
30478.1	28920.1	22524.1	2	F40
30479.1	28920.1	22524.1	1	F40
30480.1	25700.1	22532.1	2	F40
30481.1	25700.1	22532.1	1	F40
30482.1	25700.1	22532.1	1	F40
30483.1	25691.1	22711.1	2	F40
30484.1	25691.1	22711.1	2	F40
30485.1	25691.1	22711.1	1	F40
30486.1	28079.1	22723.1	2	F40
30487.1	28079.1	22723.1	2	F40
30488.1	28079.1	22723.1	1	F40
30489.1	25854.1	22789.1	2	F40
30490.1	25854.1	22789.1	1	F40
30491.1	25854.1	22789.1	1	F40
30492.1	25699.1	28256.1	2	F40
30493.1	25699.1	28256.1	1	F40
30494.1	25699.1	28256.1	1	F40
30495.1	25860.1	28918.1	2	F40
30496.1	25860.1	28918.1	1	F40
30601.1	25640.1	28255.1	2	F40
30602.1	25640.1	28255.1	2	F40
30603.1	25640.1	28255.1	1	F40
30604.1	25856.1	25707.1	2	F40
30605.1	25856.1	25707.1	1	F40
30606.1	25856.1	25707.1	1	F40
30607.1	25828.1	28916.1	2	F40
30608.1	25828.1	28916.1	1	F40
30609.1	22527.1	28919.1	2	F40
30610.1	22527.1	28919.1	2	F40
30611.1	22527.1	28919.1	1	F40
30612.1	22554.1	25695.1	2	F40
30613.1	22554.1	25695.1	1	F40
30614.1	22554.1	25695.1	1	F40
30941.1	28243.1	25696.1	2	F40
30942.1	28243.1	25696.1	1	F40
30943.1	28243.1	25696.1	1	F40
30944.1	25687.1	22876.1	2	F40
30945.1	25687.1	22876.1	2	F40
30946.1	25687.1	22876.1	1	F40
30947.1	25687.1	22876.1	1	F40
30949.1	25688.1	28006.1	2	F40
31040.1	30467.1	30019.1	2	F41
31041.1	30467.1	30019.1	1	F41
31042.1	30467.1	30019.1	1	F41
31043.1	30011.1	30089.1	2	F41
31044.1	30011.1	30089.1	1	F41
31045.1	30091.1	30264.1	2	F41
31046.1	30091.1	30264.1	2	F41
31047.1	30091.1	30264.1	1	F41
31048.1	30042.1	30266.1	2	F41
31049.1	30042.1	30266.1	1	F41
31050.1	30042.1	30266.1	1	F41
31051.1	30306.1	30268.1	2	F41
31052.1	30306.1	30268.1	2	F41
31054.1	29266.1	30307.1	2	F41
31101.1	29338.1	30020.1	2	F41
31102.1	29338.1	30020.1	1	F41
31103.1	29265.1	30117.1	2	F41
31104.1	29265.1	30117.1	2	F41
31105.1	29265.1	30117.1	1	F41
31106.1	30613.1	30039.1	2	F41
31107.1	30613.1	30039.1	1	F41
31108.1	30613.1	30039.1	1	F41
31109.1	30120.1	30308.1	2	F41
31110.1	30120.1	30308.1	2	F41
31112.1	30369.1	30363.1	2	F41
31113.1	30369.1	30363.1	1	F41
31114.1	30369.1	30363.1	1	F41
31115.1	30603.1	29152.1	2	F41
31116.1	30603.1	29152.1	1	F41
31161.1	30605.1	30370.1	2	F41
31162.1	29340.1	30489.1	2	F41
31163.1	30605.1	30370.1	1	F41
31164.1	29340.1	30489.1	2	F41
31165.1	30605.1	30370.1	1	F41
31166.1	29340.1	30489.1	1	F41
31167.1	29345.1	30374.1	2	F41
31168.1	29345.1	30374.1	1	F41
31169.1	29345.1	30374.1	1	F41
31170.1	29336.1	30604.1	2	F41
31171.1	29336.1	30604.1	2	F41
31172.1	29336.1	30604.1	1	F41
31173.1	30367.1	29339.1	1	F41
31401.1	30491.1	30310.1	2	F41
31402.1	30491.1	30310.1	2	F41
31403.1	30491.1	30310.1	1	F41
31404.1	30311.1	30480.1	2	F41
31405.1	30311.1	30480.1	1	F41
31406.1	30311.1	30480.1	1	F41
31407.1	30608.1	30470.1	2	F41
31426.1	30371.1	30466.1	2	F41
31427.1	30371.1	30466.1	2	F41
31428.1	30371.1	30466.1	1	F41
31429.1	30044.1	30472.1	2	F41
31430.1	30044.1	30472.1	1	F41
31431.1	30044.1	30472.1	1	F41
31432.1	30024.1	30948.1	2	F41
31433.1	30024.1	30948.1	2	F41
31434.1	30023.1	30945.1	2	F41
31435.1	30023.1	30945.1	1	F41
31436.1	30023.1	30945.1	1	F41
31437.1	30305.1	30484.1	2	F41
31438.1	30305.1	30484.1	1	F41
31439.1	30305.1	30484.1	1	F41
31471.1	30942.1	30090.1	2	F41
31472.1	30942.1	30090.1	1	F41
31473.1	30942.1	30090.1	1	F41
31474.1	30473.1	30949.1	2	F41
31476.1	30473.1	30949.1	1	F41
31477.1	30092.1	30941.1	2	F41
31478.1	30092.1	30941.1	1	F41
31480.1	30471.1	30483.1	2	F41
31481.1	30309.1	30486.1	2	F41
31482.1	30471.1	30483.1	1	F41
31483.1	30946.1	29268.1	2	F41
31484.1	30946.1	29268.1	1	F41
31485.1	30946.1	29268.1	1	F41
31486.1	30471.1	30483.1	2	F41
31487.1	30309.1	30486.1	1	F41
31501.1	30014.1	30609.1	2	F41
31502.1	30014.1	30609.1	2	F41
31504.1	30490.1	30495.1	2	F41
31505.1	30490.1	30495.1	1	F41
31506.1	30490.1	30495.1	1	F41
31507.1	30493.1	30607.1	2	F41
31508.1	30493.1	30607.1	1	F41
31682.1	30365.1	30492.1	2	F41
31683.1	30365.1	30492.1	1	F41
31684.1	30365.1	30492.1	1	F41
31685.1	30009.1	30601.1	2	F41
31686.1	30009.1	30601.1	2	F41
31687.1	30009.1	30601.1	1	F41
31689.1	30611.1	30612.1	2	F41
31690.1	30611.1	30612.1	1	F41
31691.1	29149.1	30469.1	2	F41
31692.1	29149.1	30469.1	1	F41
35214.1	30047.1	30038.1	2	F41
35215.1	30047.1	30038.1	2	F41
35216.1	29150.1	29153.1	2	F41
35217.1	29150.1	29153.1	1	F41
35218.1	29150.1	29153.1	1	F41
35219.1	29343.1	29337.1	2	F41
35220.1	29343.1	29337.1	1	F41
35247.1	30032.1	30026.1	2	F41
35248.1	30032.1	30026.1	1	F41
35249.1	30032.1	30026.1	1	F41
35254.1	30033.1	29264.1	1	F41
35304.1	30015.1	29342.1	2	F41
35305.1	30015.1	29342.1	2	F41
35307.1	29341.1	29344.1	2	F41
35308.1	29341.1	29344.1	1	F41
35309.1	29341.1	29344.1	1	F41
35312.1	30013.1	30027.1	2	F41
35313.1	30013.1	30027.1	2	F41
35314.1	30013.1	30027.1	1	F41
35315.1	29269.1	30040.1	2	F41
35317.1	29269.1	30040.1	1	F41
35351.1	29347.1	30046.1	2	F41
35352.1	29347.1	30046.1	1	F41
35353.1	29347.1	30046.1	1	F41
35354.1	29154.1	29267.1	2	F41
35355.1	29154.1	29267.1	1	F41
35356.1	30012.1	29270.1	2	F41
35357.1	30012.1	29270.1	2	F41
35358.1	30012.1	29270.1	1	F41
35519.1	30029.1	30006.1	2	F41
35520.1	30029.1	30006.1	2	F41
35521.1	30029.1	30006.1	1	F41
35522.1	30022.1	30008.1	2	F41
35523.1	30022.1	30008.1	1	F41
35526.1	30022.1	30008.1	1	F41
35527.1	30034.1	30017.1	2	F41
35528.1	30034.1	30017.1	1	F41
35529.1	30031.1	30043.1	2	F41
35530.1	30031.1	30043.1	1	F41
35531.1	30031.1	30043.1	1	F41
35532.1	30035.1	29333.1	2	F41
35533.1	30035.1	29333.1	2	F41
35534.1	30035.1	29333.1	1	F41
35535.1	29470.1	30007.1	2	F41
35536.1	29470.1	30007.1	1	F41
35963.1	30269.1	30304.1	2	F41
35964.1	30269.1	30304.1	1	F41
35965.1	30479.1	29346.1	2	F41
35966.1	30479.1	29346.1	2	F41
35967.1	30479.1	29346.1	1	F41
35968.1	30270.1	30018.1	2	F41
35969.1	30270.1	30018.1	1	F41
35970.1	30270.1	30018.1	1	F41
35971.1	30267.1	30036.1	2	F41
35972.1	30267.1	30036.1	2	F41
35974.1	29148.1	30119.1	2	F41
35975.1	29148.1	30119.1	1	F41
35977.1	30016.1	30265.1	2	F41
35978.1	30016.1	30265.1	1	F41
33701.1	35317.1	35250.1	2	F42
33702.1	35317.1	35250.1	2	F42
33703.1	35317.1	35250.1	1	F42
33704.1	35218.1	35351.1	2	F42
33705.1	35218.1	35351.1	1	F42
33706.1	35218.1	35351.1	1	F42
33707.1	35967.1	35214.1	2	F42
33708.1	35967.1	35214.1	1	F42
33709.1	35353.1	35357.1	2	F42
33710.1	35353.1	35357.1	1	F42
33711.1	35353.1	35357.1	1	F42
33712.1	31049.1	35312.1	2	F42
33713.1	31049.1	35312.1	2	F42
33714.1	35978.1	35527.1	2	F42
33715.1	35978.1	35527.1	1	F42
33716.1	35978.1	35527.1	1	F42
33717.1	35970.1	35520.1	2	F42
33718.1	35970.1	35520.1	1	F42
33719.1	35970.1	35520.1	1	F42
33720.1	35248.1	35977.1	2	F42
33722.1	35248.1	35977.1	1	F42
33723.1	31044.1	35532.1	2	F42
33725.1	35973.1	31040.1	2	F42
33726.1	35973.1	31040.1	2	F42
33727.1	35973.1	31040.1	1	F42
33728.1	35526.1	31052.1	2	F42
33729.1	35526.1	31052.1	1	F42
33730.1	35526.1	31052.1	1	F42
33731.1	35975.1	35972.1	2	F42
33732.1	35975.1	35972.1	1	F42
33734.1	35217.1	35968.1	2	F42
33735.1	35217.1	35968.1	2	F42
33736.1	35217.1	35968.1	1	F42
33737.1	35316.1	35963.1	2	F42
33738.1	35316.1	35963.1	1	F42
33739.1	35355.1	31048.1	2	F42
33740.1	35355.1	31048.1	1	F42
33741.1	35355.1	31048.1	1	F42
33742.1	35251.1	31045.1	2	F42
33743.1	35251.1	31045.1	2	F42
33744.1	35251.1	31045.1	1	F42
33745.1	35352.1	31043.1	2	F42
33746.1	35352.1	31043.1	1	F42
33747.1	31173.1	31101.1	2	F42
33748.1	31173.1	31101.1	1	F42
33749.1	35254.1	31109.1	2	F42
33750.1	35254.1	31109.1	1	F42
33751.1	31169.1	35354.1	2	F42
33752.1	31169.1	35354.1	1	F42
33753.1	31169.1	35354.1	1	F42
33754.1	35969.1	31106.1	2	F42
33755.1	35969.1	31106.1	2	F42
33756.1	35969.1	31106.1	1	F42
33757.1	35531.1	31167.1	2	F42
33758.1	35531.1	31167.1	1	F42
33759.1	31108.1	31164.1	2	F42
33760.1	31108.1	31164.1	2	F42
33761.1	31108.1	31164.1	1	F42
33762.1	31105.1	31112.1	2	F42
33763.1	31105.1	31112.1	1	F42
33764.1	31105.1	31112.1	1	F42
33765.1	31042.1	31171.1	2	F42
33766.1	31042.1	31171.1	1	F42
33767.1	31172.1	35356.1	2	F42
33768.1	31172.1	35356.1	1	F42
33769.1	35528.1	31170.1	2	F42
33770.1	35528.1	31170.1	1	F42
33771.1	31102.1	31054.1	2	F42
33772.1	31102.1	31054.1	1	F42
33773.1	31111.1	31162.1	2	F42
33774.1	31111.1	31162.1	1	F42
33775.1	31428.1	35522.1	2	F42
33776.1	31428.1	35522.1	1	F42
33777.1	31431.1	35219.1	2	F42
33778.1	31431.1	35219.1	1	F42
33779.1	31435.1	35304.1	2	F42
33782.1	31406.1	35305.1	1	F42
33783.1	35220.1	31426.1	2	F42
33784.1	35220.1	31426.1	1	F42
33785.1	35309.1	31433.1	2	F42
33786.1	35309.1	31433.1	1	F42
33787.1	35964.1	31475.1	2	F42
33788.1	35964.1	31475.1	1	F42
33789.1	31438.1	31481.1	2	F42
33790.1	31438.1	31481.1	1	F42
33791.1	35306.1	35529.1	2	F42
33793.1	35306.1	35529.1	1	F42
33794.1	35534.1	31474.1	2	F42
33795.1	35534.1	31474.1	1	F42
33796.1	35534.1	31474.1	1	F42
33797.1	35976.1	31480.1	2	F42
33798.1	35976.1	31480.1	1	F42
33799.1	31684.1	35307.1	2	F42
33800.1	31684.1	35307.1	2	F42
33852.1	35358.1	31161.1	2	F42
33855.1	31684.1	35307.1	1	F42
33856.1	31487.1	31104.1	2	F42
33857.1	31487.1	31104.1	2	F42
33858.1	31472.1	35974.1	1	F42
33859.1	31472.1	35974.1	1	F42
33860.1	31683.1	35310.1	2	F42
33861.1	31683.1	35310.1	1	F42
33862.1	31683.1	35310.1	1	F42
33863.1	31484.1	31429.1	2	F42
33864.1	31484.1	31429.1	2	F42
33865.1	31484.1	31429.1	1	F42
33866.1	31690.1	31483.1	2	F42
33867.1	31690.1	31483.1	1	F42
33868.1	35311.1	31103.1	2	F42
33869.1	35311.1	31103.1	1	F42
33870.1	35311.1	31103.1	1	F42
33871.1	31116.1	35247.1	2	F42
33873.1	31116.1	35247.1	1	F42
33874.1	31692.1	35215.1	2	F42
33876.1	31482.1	35252.1	2	F42
33877.1	31482.1	35252.1	2	F42
33878.1	31482.1	35252.1	1	F42
33880.1	31041.1	31502.1	1	F42
33882.1	35536.1	31685.1	2	F42
33883.1	35536.1	31685.1	1	F42
33884.1	31687.1	31402.1	2	F42
33885.1	31687.1	31402.1	2	F42
33886.1	31687.1	31402.1	1	F42
33887.1	35221.1	31682.1	2	F42
33888.1	35221.1	31682.1	1	F42
33889.1	35221.1	31682.1	1	F42
33890.1	31478.1	35519.1	2	F42
33891.1	31478.1	35519.1	2	F42
33892.1	31478.1	35519.1	1	F42
33893.1	31408.1	31688.1	2	F42
33894.1	31408.1	31688.1	1	F42
33895.1	31408.1	31688.1	1	F42
34453.1	35308.1	31471.1	2	F42
34454.1	35308.1	31471.1	2	F42
34455.1	35308.1	31471.1	1	F42
34456.1	31403.1	31501.1	2	F42
34457.1	31403.1	31501.1	1	F42
34458.1	31403.1	31501.1	1	F42
34459.1	31485.1	31507.1	2	F42
34460.1	31485.1	31507.1	1	F42
36354.1	33719.1	33713.1	2	F43
36355.1	33719.1	33713.1	1	F43
36356.1	33744.1	33749.1	2	F43
36357.1	33744.1	33749.1	2	F43
36358.1	33744.1	33749.1	1	F43
36359.1	33752.1	33725.1	2	F43
36360.1	33752.1	33725.1	1	F43
36361.1	33752.1	33725.1	1	F43
36362.1	33724.1	33747.1	2	F43
36363.1	33724.1	33747.1	2	F43
36364.1	33724.1	33747.1	1	F43
36365.1	33854.1	33773.1	2	F43
36366.1	33854.1	33773.1	1	F43
36367.1	33854.1	33773.1	1	F43
36368.1	33729.1	33852.1	2	F43
36369.1	33729.1	33852.1	1	F43
36370.1	33748.1	33767.1	2	F43
36371.1	33748.1	33767.1	1	F43
36372.1	33748.1	33767.1	1	F43
36373.1	33766.1	33712.1	2	F43
36374.1	33766.1	33712.1	1	F43
36375.1	33727.1	33751.1	2	F43
36376.1	33727.1	33751.1	2	F43
36377.1	33727.1	33751.1	1	F43
36378.1	33776.1	33701.1	2	F43
36379.1	33776.1	33701.1	2	F43
36380.1	33776.1	33701.1	1	F43
36381.1	33703.1	33775.1	2	F43
36382.1	33703.1	33775.1	1	F43
36383.1	33703.1	33775.1	1	F43
36384.1	33770.1	33797.1	2	F43
36385.1	33770.1	33797.1	1	F43
36386.1	33790.1	33762.1	2	F43
36387.1	33790.1	33762.1	1	F43
36388.1	33798.1	33769.1	2	F43
36389.1	33798.1	33769.1	1	F43
36390.1	33798.1	33769.1	1	F43
36391.1	33795.1	33781.1	2	F43
36392.1	33795.1	33781.1	2	F43
36393.1	33795.1	33781.1	1	F43
36394.1	33722.1	33785.1	2	F43
36395.1	33722.1	33785.1	2	F43
36396.1	33722.1	33785.1	1	F43
36397.1	33715.1	33791.1	2	F43
36398.1	33715.1	33791.1	1	F43
36399.1	33715.1	33791.1	1	F43
36400.1	33716.1	33792.1	2	F43
36401.1	33716.1	33792.1	1	F43
36402.1	33788.1	33771.1	2	F43
36403.1	33788.1	33771.1	2	F43
36404.1	33788.1	33771.1	1	F43
36405.1	33733.1	33783.1	2	F43
36406.1	33733.1	33783.1	1	F43
36407.1	33733.1	33783.1	1	F43
36408.1	33761.1	33789.1	2	F43
36409.1	33761.1	33789.1	1	F43
36410.1	33772.1	33794.1	2	F43
36411.1	33772.1	33794.1	2	F43
36412.1	33772.1	33794.1	1	F43
36413.1	33780.1	33728.1	1	F43
36414.1	33780.1	33728.1	1	F43
36415.1	33710.1	33787.1	2	F43
36416.1	33710.1	33787.1	1	F43
36417.1	33740.1	33779.1	2	F43
36418.1	33740.1	33779.1	2	F43
36419.1	33740.1	33779.1	1	F43
36420.1	33855.1	33745.1	2	F43
36421.1	33855.1	33745.1	1	F43
36422.1	33855.1	33745.1	1	F43
36423.1	33862.1	33760.1	1	F43
36424.1	33750.1	33863.1	2	F43
36425.1	33750.1	33863.1	2	F43
36426.1	33750.1	33863.1	1	F43
36427.1	33732.1	33860.1	2	F43
36428.1	33732.1	33860.1	1	F43
36429.1	33732.1	33860.1	1	F43
36430.1	33861.1	33739.1	2	F43
36431.1	33861.1	33739.1	1	F43
36432.1	33861.1	33739.1	1	F43
36433.1	33867.1	33777.1	2	F43
36434.1	33867.1	33777.1	2	F43
36435.1	33867.1	33777.1	1	F43
36436.1	33778.1	33866.1	2	F43
36437.1	33778.1	33866.1	2	F43
36438.1	33778.1	33866.1	1	F43
36439.1	33738.1	33871.1	2	F43
36440.1	33738.1	33871.1	1	F43
36441.1	33738.1	33871.1	1	F43
36442.1	33768.1	33876.1	2	F43
36443.1	33768.1	33876.1	1	F43
36444.1	33859.1	33709.1	2	F43
36445.1	33859.1	33709.1	1	F43
36446.1	33875.1	33757.1	2	F43
36447.1	33875.1	33757.1	1	F43
36448.1	33870.1	33759.1	2	F43
36449.1	33870.1	33759.1	1	F43
36450.1	33763.1	33874.1	2	F43
36452.1	34458.1	33704.1	2	F43
36454.1	34458.1	33704.1	1	F43
36455.1	33878.1	33737.1	2	F43
36456.1	33878.1	33737.1	2	F43
36457.1	33878.1	33737.1	1	F43
36458.1	33888.1	33734.1	2	F43
36459.1	33888.1	33734.1	1	F43
36460.1	34457.1	33742.1	2	F43
36462.1	33894.1	33754.1	2	F43
36463.1	33894.1	33754.1	1	F43
36464.1	33894.1	33754.1	1	F43
36465.1	33880.1	33872.1	2	F43
36466.1	33880.1	33872.1	2	F43
36467.1	33880.1	33872.1	1	F43
36468.1	33892.1	33877.1	2	F43
36469.1	33892.1	33877.1	2	F43
36470.1	33892.1	33877.1	1	F43
36471.1	33865.1	33879.1	2	F43
36472.1	33865.1	33879.1	1	F43
36473.1	33865.1	33879.1	1	F43
36474.1	33736.1	33882.1	2	F43
36475.1	33736.1	33882.1	1	F43
36476.1	33889.1	33731.1	2	F43
36477.1	33889.1	33731.1	1	F43
36478.1	33889.1	33731.1	1	F43
36479.1	33886.1	33853.1	2	F43
36480.1	33886.1	33853.1	2	F43
36481.1	33886.1	33853.1	1	F43
36482.1	33718.1	33884.1	2	F43
36483.1	33718.1	33884.1	1	F43
36484.1	33883.1	33723.1	2	F43
36485.1	33883.1	33723.1	1	F43
36486.1	33782.1	33856.1	2	F43
36487.1	33782.1	33856.1	1	F43
36488.1	33782.1	33856.1	1	F43
36489.1	33706.1	33891.1	2	F43
36490.1	33706.1	33891.1	2	F43
36492.1	33851.1	33893.1	2	F43
36493.1	33741.1	33800.1	2	F43
36494.1	33764.1	33726.1	2	F43
36495.1	33764.1	33726.1	1	F43
36496.1	33796.1	33702.1	2	F43
36497.1	33796.1	33702.1	1	F43
26580.1	45342.1	45482.1	1	F50
26581.1	45342.1	45482.1	2	F50
26582.1	45352.1	45484.1	2	F50
26583.1	45352.1	45484.1	1	F50
26584.1	45355.1	45485.1	1	F50
26585.1	45355.1	45485.1	2	F50
26586.1	45357.1	45359.1	1	F50
26587.1	45357.1	45359.1	2	F50
26588.1	45426.1	45353.1	2	F50
26589.1	45426.1	45353.1	1	F50
26590.1	45479.1	45382.1	2	F50
26591.1	45479.1	45382.1	1	F50
26592.1	45438.1	45457.1	1	F50
26593.1	45438.1	45457.1	2	F50
26594.1	45425.1	45393.1	1	F50
26595.1	45425.1	45393.1	2	F50
45493.1	45471.1	45467.1	2	F50
45494.1	45471.1	45467.1	1	F50
45496.1	45371.1	45301.1	1	F50
45497.1	45371.1	45301.1	2	F50
45498.1	45381.1	45305.1	2	F50
45499.1	45452.1	45307.1	1	F50
46001.1	45452.1	45307.1	2	F50
46002.1	45432.1	45313.1	2	F50
46003.1	45432.1	45313.1	1	F50
46004.1	45441.1	45316.1	1	F50
46005.1	45441.1	45316.1	2	F50
46006.1	45465.1	45323.1	2	F50
46007.1	45465.1	45323.1	1	F50
46008.1	45312.1	45466.1	2	F50
46009.1	45312.1	45466.1	1	F50
46010.1	45324.1	45325.1	1	F50
46011.1	45324.1	45325.1	2	F50
46012.1	45320.1	45328.1	1	F50
46013.1	45320.1	45328.1	2	F50
46014.1	45380.1	45340.1	2	F50
46015.1	45380.1	45340.1	1	F50
46016.1	45314.1	45385.1	1	F50
46017.1	45314.1	45385.1	2	F50
46019.1	45315.1	45434.1	2	F50
46020.1	45315.1	45434.1	1	F50
46022.1	45318.1	45383.1	2	F50
46023.1	45318.1	45383.1	1	F50
46024.1	45446.1	45392.1	1	F50
46025.1	45446.1	45392.1	2	F50
46026.1	45364.1	45397.1	1	F50
46027.1	45364.1	45397.1	1	F50
46126.1	45384.1	45389.1	1	F50
46127.1	45384.1	45389.1	2	F50
46128.1	45303.1	45322.1	1	F50
46129.1	45303.1	45322.1	2	F50
46130.1	45447.1	45311.1	1	F50
46131.1	45447.1	45311.1	2	F50
46132.1	45440.1	45310.1	1	F50
46133.1	45440.1	45310.1	2	F50
46134.1	45464.1	45360.1	1	F50
46135.1	45464.1	45360.1	2	F50
46136.1	45374.1	45431.1	1	F50
46137.1	45374.1	45431.1	2	F50
46138.1	45444.1	45369.1	1	F50
46139.1	45444.1	45369.1	2	F50
46140.1	45450.1	45463.1	1	F50
46141.1	45450.1	45463.1	2	F50
46142.1	45488.1	45398.1	1	F50
46143.1	45488.1	45398.1	2	F50
46144.1	45370.1	45475.1	1	F50
46145.1	45370.1	45475.1	2	F50
46146.1	45367.1	45451.1	1	F50
46147.1	45367.1	45451.1	2	F50
46148.1	45468.1	45304.1	1	F50
46149.1	45468.1	45304.1	2	F50
46150.1	45435.1	45481.1	1	F50
46151.1	45435.1	45481.1	2	F50
46153.1	45416.1	45333.1	2	F50
46154.1	45339.1	45334.1	1	F50
46155.1	45339.1	45334.1	2	F50
46156.1	45377.1	45335.1	1	F50
46157.1	45377.1	45335.1	2	F50
46307.1	45459.1	45472.1	2	F50
46319.1	45351.1	45478.1	2	F50
46320.1	45351.1	45478.1	1	F50
46340.1	45358.1	45417.1	1	F50
46341.1	45358.1	45417.1	2	F50
46344.1	45390.1	454940.1	1	F50
46345.1	45390.1	454940.1	2	F50
46348.1	45327.1	45449.1	1	F50
46349.1	45327.1	45449.1	2	F50
46352.1	45420.1	45486.1	1	F50
46353.1	45420.1	45486.1	2	F50
46356.1	45348.1	45418.1	1	F50
46357.1	45348.1	45418.1	2	F50
46360.1	45341.1	45454.1	1	F50
46361.1	45341.1	45454.1	2	F50
46364.1	45489.1	45354.1	1	F50
46365.1	45489.1	45354.1	2	F50
46368.1	45326.1	45356.1	1	F50
46372.1	45480.1	45455.1	1	F50
46386.1	45483.1	45362.1	1	F50
46387.1	45483.1	45362.1	1	F50
46388.1	45391.1	45430.1	1	F50
46389.1	45391.1	45430.1	2	F50
46392.1	45462.1	45439.1	1	F50
46393.1	45462.1	45439.1	2	F50
46397.1	45458.1	45375.1	2	F50
46429.1	45330.1	45476.1	2	F50
46430.1	45330.1	45476.1	1	F50
46433.1	45387.1	45461.1	2	F50
46434.1	45387.1	45461.1	1	F50
46437.1	45429.1	45378.1	2	F50
46438.1	45429.1	45378.1	1	F50
46441.1	45422.1	45379.1	2	F50
46442.1	45422.1	45379.1	1	F50
46445.1	45495.1	45388.1	2	F50
46446.1	45453.1	45365.1	1	F50
46447.1	45453.1	45365.1	2	F50
46450.1	45423.1	45373.1	1	F50
46451.1	45423.1	45373.1	2	F50
46454.1	45474.1	45433.1	1	F50
46455.1	45474.1	45433.1	2	F50
46457.1	45306.1	45350.1	2	F50
46461.1	45345.1	45448.1	2	F50
46462.1	45345.1	45448.1	1	F50
46465.1	45456.1	45436.1	2	F50
46466.1	45477.1	45344.1	1	F50
46469.1	45308.1	45372.1	2	F50
46470.1	45308.1	45372.1	1	F50
46473.1	45477.1	45344.1	2	F50
46474.1	45456.1	45436.1	1	F50
46478.1	45395.1	45428.1	1	F50
46479.1	45395.1	45428.1	2	F50
46482.1	45400.1	45469.1	1	F50
46483.1	45400.1	45469.1	2	F50
46486.1	45309.1	45419.1	1	F50
46487.1	45309.1	45419.1	2	F50
46490.1	45470.1	45347.1	1	F50
46491.1	45470.1	45347.1	2	F50
46497.1	45399.1	45487.1	2	F50
46498.1	45399.1	45487.1	1	F50
46644.1	45495.1	45388.1	1	F50
46672.1	45336.1	45368.1	1	F50
46695.1	46170.1	46080.1	2	F51
48304.1	46170.1	46080.1	1	F51
48305.1	46099.1	46068.1	2	F51
48306.1	46099.1	46068.1	1	F51
48311.1	46117.1	46033.1	2	F51
48314.1	46117.1	46033.1	1	F51
48316.1	46164.1	46186.1	1	F51
48325.1	46171.1	46076.1	2	F51
48326.1	46163.1	46083.1	1	F51
48328.1	46171.1	46076.1	1	F51
48331.1	46163.1	46083.1	2	F51
48332.1	46086.1	46082.1	1	F51
48337.1	46086.1	46082.1	2	F51
48342.1	26574.1	46067.1	1	F51
48344.1	46030.1	46176.1	1	F51
48345.1	46030.1	46176.1	2	F51
48347.1	46201.1	46034.1	2	F51
48348.1	46201.1	46034.1	1	F51
48352.1	46169.1	46187.1	1	F51
48353.1	46169.1	46187.1	2	F51
48355.1	46090.1	46043.1	2	F51
48358.1	46090.1	46043.1	1	F51
48361.1	46179.1	46120.1	2	F51
48362.1	46179.1	46120.1	1	F51
48365.1	46055.1	46054.1	2	F51
48366.1	46055.1	46054.1	1	F51
48369.1	46057.1	46048.1	2	F51
48370.1	46057.1	46048.1	1	F51
48373.1	46346.1	46118.1	2	F51
48374.1	46346.1	46118.1	1	F51
48377.1	46214.1	46105.1	2	F51
48379.1	46078.1	46072.1	2	F51
48381.1	46217.1	46079.1	2	F51
48382.1	46214.1	46105.1	1	F51
48383.1	46112.1	46121.1	2	F51
48384.1	46078.1	46072.1	1	F51
48387.1	46089.1	46095.1	2	F51
48390.1	46217.1	46079.1	1	F51
48391.1	46098.1	46103.1	2	F51
48394.1	46112.1	46121.1	1	F51
48395.1	46097.1	46091.1	2	F51
48398.1	46089.1	46095.1	1	F51
48399.1	46056.1	46047.1	2	F51
48402.1	46098.1	46103.1	1	F51
48406.1	46097.1	46091.1	1	F51
48408.1	46056.1	46047.1	1	F51
48409.1	46180.1	46049.1	2	F51
48411.1	46087.1	46104.1	2	F51
48412.1	46180.1	46049.1	1	F51
48416.1	46087.1	46104.1	1	F51
48417.1	46090.1	46043.1	2	F51
48420.1	46200.1	46041.1	1	F51
48423.1	46218.1	46175.1	2	F51
48425.1	46084.1	46094.1	2	F51
48426.1	46218.1	46175.1	1	F51
48432.1	46084.1	46094.1	1	F51
48436.1	46160.1	46191.1	1	F51
48439.1	46160.1	46191.1	2	F51
48441.1	46111.1	46192.1	2	F51
48443.1	26574.1	46067.1	2	F51
48444.1	46038.1	46219.1	1	F51
48445.1	46038.1	46219.1	2	F51
48447.1	46225.1	46198.1	2	F51
48449.1	46074.1	46208.1	2	F51
48452.1	46225.1	46198.1	1	F51
48456.1	46074.1	46208.1	1	F51
48464.1	46061.1	46301.1	1	F51
48468.1	46075.1	46351.1	1	F51
48472.1	46070.1	46367.1	1	F51
48473.1	46207.1	46305.1	2	F51
48475.1	46384.1	46173.1	2	F51
48477.1	46213.1	46199.1	2	F51
48478.1	46174.1	46359.1	1	F51
48479.1	46029.1	46355.1	2	F51
48482.1	46222.1	46385.1	1	F51
48486.1	46207.1	46305.1	1	F51
48489.1	46077.1	46343.1	2	F51
48490.1	46384.1	46173.1	1	F51
48494.1	46213.1	46199.1	1	F51
48495.1	46110.1	46196.1	2	F51
48496.1	46029.1	46355.1	1	F51
49003.1	46350.1	46161.1	2	F51
49004.1	46077.1	46343.1	1	F51
49007.1	46197.1	46303.1	2	F51
49008.1	46110.1	46196.1	1	F51
49011.1	46167.1	46373.1	2	F51
49012.1	46350.1	46161.1	1	F51
49015.1	46440.1	46037.1	2	F51
49016.1	46197.1	46303.1	1	F51
49019.1	46031.1	46188.1	2	F51
49020.1	46167.1	46373.1	1	F51
49024.1	46440.1	46037.1	1	F51
49025.1	46066.1	46216.1	2	F51
49026.1	46031.1	46188.1	1	F51
49027.1	46468.1	46065.1	2	F51
49028.1	46066.1	46216.1	1	F51
49032.1	46468.1	46065.1	1	F51
49035.1	46204.1	46363.1	2	F51
49036.1	46362.1	46168.1	1	F51
49040.1	46204.1	46363.1	1	F51
49041.1	46342.1	46223.1	2	F51
49045.1	46194.1	46162.1	2	F51
49048.1	46342.1	46223.1	1	F51
49052.1	46194.1	46162.1	1	F51
49055.1	46085.1	46096.1	2	F51
49056.1	46085.1	46096.1	1	F51
49210.1	46500.1	26578.1	1	F51
49211.1	46500.1	26578.1	2	F51
49213.1	46492.1	46165.1	2	F51
49214.1	46492.1	46165.1	1	F51
49217.1	46394.1	46166.1	2	F51
49218.1	46394.1	46166.1	1	F51
49221.1	46460.1	46183.1	2	F51
49222.1	46460.1	46183.1	1	F51
49226.1	46444.1	46449.1	1	F51
49229.1	46444.1	46449.1	2	F51
49230.1	46456.1	46195.1	1	F51
49231.1	46456.1	46195.1	2	F51
49233.1	46396.1	46203.1	2	F51
49234.1	46396.1	46203.1	1	F51
49237.1	46060.1	46435.1	2	F51
49238.1	46060.1	46435.1	1	F51
49240.1	46178.1	46439.1	1	F51
49243.1	46178.1	46439.1	2	F51
49245.1	46190.1	46443.1	2	F51
49246.1	46190.1	46443.1	1	F51
49249.1	46390.1	46032.1	2	F51
49251.1	46464.1	46039.1	2	F51
49254.1	46464.1	46039.1	1	F51
49255.1	46396.1	46203.1	2	F51
49258.1	46396.1	46203.1	1	F51
49259.1	46181.1	46391.1	2	F51
49262.1	46181.1	46391.1	1	F51
49263.1	46021.1	46471.1	2	F51
49266.1	46021.1	46471.1	1	F51
49267.1	46646.1	46395.1	2	F51
49270.1	46646.1	46395.1	1	F51
49274.1	46432.1	46481.1	1	F51
49278.1	46306.1	46321.1	1	F51
49282.1	46452.1	46647.1	1	F51
49286.1	46488.1	46475.1	1	F51
49287.1	46488.1	46475.1	2	F51
49289.1	46477.1	46489.1	2	F51
49290.1	46477.1	46489.1	1	F51
49293.1	46480.1	46399.1	2	F51
49294.1	46480.1	46399.1	1	F51
49297.1	46193.1	46485.1	2	F51
49298.1	46193.1	46485.1	1	F51
49401.1	46109.1	46453.1	2	F51
49404.1	46109.1	46453.1	1	F51
49405.1	46119.1	46643.1	2	F51
49408.1	46119.1	46643.1	1	F51
49409.1	46302.1	46463.1	2	F51
49414.1	46042.1	46499.1	1	F51
49416.1	46302.1	46463.1	1	F51
49417.1	46042.1	46499.1	2	F51
49424.1	46220.1	46431.1	1	F51
49426.1	46390.1	46032.1	2	F51
49447.1	46062.1	26579.1	2	F51
49448.1	46062.1	26579.1	1	F51
49451.1	46448.1	46113.1	2	F51
49452.1	46448.1	46113.1	1	F51
49453.1	46484.1	46459.1	2	F51
49456.1	46484.1	46459.1	1	F51
49427.1	48368.1	48385.1	2	F52
49430.1	48368.1	48385.1	1	F52
49431.1	48448.1	48333.1	2	F52
49432.1	48448.1	48333.1	1	F52
49435.1	48350.1	48359.1	2	F52
49436.1	48350.1	48359.1	1	F52
49439.1	48484.1	48312.1	2	F52
49440.1	48484.1	48312.1	1	F52
49461.1	48430.1	48415.1	2	F52
49462.1	48430.1	48415.1	1	F52
49466.1	49006.1	48303.1	1	F52
49467.1	49006.1	48303.1	2	F52
49470.1	49018.1	48309.1	1	F52
49471.1	49018.1	48309.1	2	F52
49472.1	49072.1	48413.1	1	F52
49475.1	49072.1	48413.1	2	F52
49476.1	48307.1	48327.1	1	F52
49479.1	48307.1	48327.1	2	F52
49482.1	48462.1	48336.1	1	F52
49485.1	48462.1	48336.1	2	F52
49486.1	49030.1	48405.1	1	F52
49487.1	49030.1	48405.1	2	F52
49490.1	48310.1	48421.1	1	F52
49494.1	49050.1	48319.1	1	F52
49497.1	48310.1	48421.1	2	F52
49498.1	49046.1	48339.1	1	F52
49499.1	49050.1	48319.1	2	F52
50102.1	48454.1	48341.1	1	F52
50103.1	49046.1	48339.1	2	F52
50106.1	48308.1	48349.1	1	F52
50107.1	48454.1	48341.1	2	F52
50114.1	48388.1	48320.1	1	F52
50115.1	48308.1	48349.1	2	F52
50118.1	48321.1	48371.1	1	F52
50119.1	48388.1	48320.1	2	F52
50121.1	48321.1	48371.1	2	F52
50122.1	47718.1	48357.1	1	F52
50125.1	47718.1	48357.1	2	F52
50129.1	48315.1	48438.1	2	F52
50131.1	48354.1	48427.1	2	F52
50132.1	48315.1	48438.1	1	F52
50134.1	48354.1	48427.1	1	F52
50137.1	49038.1	48431.1	2	F52
50140.1	49038.1	48431.1	1	F52
50143.1	48334.1	48429.1	2	F52
50146.1	48334.1	48429.1	1	F52
50147.1	48458.1	48335.1	2	F52
50148.1	48458.1	48335.1	1	F52
50150.1	46394.1	46166.1	1	F52
50151.1	46394.1	46166.1	2	F52
50152.1	48424.1	49069.1	1	F52
50153.1	48424.1	49069.1	2	F52
50156.1	48372.1	48453.1	1	F52
50158.1	48318.1	49053.1	1	F52
50159.1	48372.1	48453.1	2	F52
50163.1	48318.1	49053.1	2	F52
50164.1	48414.1	49023.1	1	F52
50168.1	48446.1	48459.1	1	F52
50172.1	48378.1	48497.1	1	F52
50182.1	49010.1	48469.1	1	F52
50185.1	49044.1	48483.1	2	F52
50186.1	49044.1	48483.1	1	F52
50189.1	48458.1	48335.1	2	F52
50190.1	49060.1	49201.1	1	F52
50191.1	49060.1	49201.1	2	F52
50194.1	48428.1	49067.1	1	F52
50195.1	48428.1	49067.1	2	F52
50198.1	48410.1	49091.1	1	F52
50201.1	49054.1	49205.1	2	F52
50202.1	49054.1	49205.1	1	F52
50205.1	49076.1	48440.1	2	F52
50206.1	49076.1	48440.1	1	F52
50210.1	48404.1	49017.1	1	F52
50211.1	48404.1	49017.1	2	F52
50216.1	48404.1	49017.1	1	F52
50217.1	48410.1	49091.1	2	F52
50220.1	48460.1	49085.1	1	F52
50223.1	48466.1	49013.1	2	F52
50226.1	48466.1	49013.1	1	F52
50234.1	49034.1	49005.1	1	F52
50235.1	49034.1	49005.1	2	F52
50237.1	48422.1	48437.1	2	F52
50238.1	48386.1	49079.1	2	F52
50241.1	48364.1	48039.1	2	F52
50242.1	48364.1	48039.1	1	F52
50245.1	48422.1	48437.1	1	F52
50248.1	48434.1	49029.1	1	F52
50252.1	48492.1	48481.1	1	F52
50253.1	48434.1	49029.1	2	F52
50255.1	48492.1	48481.1	2	F52
50258.1	48330.1	49077.1	1	F52
50259.1	48330.1	49077.1	2	F52
50262.1	49082.1	49037.1	1	F52
50265.1	49082.1	49037.1	2	F52
50266.1	48488.1	48403.1	1	F52
50269.1	48488.1	48403.1	2	F52
50279.1	49208.1	48329.1	2	F52
50282.1	49280.1	48343.1	1	F52
50286.1	49216.1	48435.1	1	F52
50288.1	49232.1	48397.1	1	F52
50293.1	49236.1	48419.1	2	F52
50296.1	49236.1	48419.1	1	F52
50299.1	49066.1	48485.1	2	F52
50300.1	49066.1	48485.1	1	F52
50303.1	49086.1	49065.1	2	F52
50304.1	49086.1	49065.1	1	F52
50310.1	48386.1	49079.1	1	F52
50311.1	48498.1	49275.1	2	F52
50315.1	49422.1	49265.1	2	F52
50316.1	48356.1	49227.1	1	F52
50322.1	49422.1	49265.1	1	F52
50326.1	49272.1	48457.1	1	F52
50327.1	48346.1	49281.1	2	F52
50330.1	48346.1	49281.1	1	F52
50333.1	48396.1	49261.1	2	F52
50335.1	49014.1	49253.1	2	F52
50336.1	48396.1	49261.1	1	F52
50340.1	49014.1	49253.1	1	F52
50341.1	48407.1	49295.1	2	F52
50344.1	48407.1	49295.1	1	F52
50345.1	48400.1	49235.1	2	F52
50348.1	48400.1	49235.1	1	F52
50351.1	49088.1	49081.1	2	F52
50354.1	49088.1	49081.1	1	F52
50355.1	49300.1	49257.1	2	F52
50358.1	49300.1	49257.1	1	F52
50359.1	49420.1	49269.1	2	F52
50364.1	49094.1	49219.1	1	F52
50365.1	49094.1	49219.1	2	F52
50369.1	49260.1	49277.1	2	F52
50370.1	49260.1	49277.1	1	F52
50374.1	48499.1	49273.1	1	F52
50375.1	48499.1	49273.1	2	F52
50377.1	49096.1	48442.1	2	F52
50382.1	49292.1	48393.1	1	F52
50383.1	49292.1	48393.1	2	F52
50385.1	48418.1	49241.1	2	F52
50386.1	48418.1	49241.1	1	F52
50390.1	49268.1	49421.1	1	F52
50391.1	49268.1	49421.1	2	F52
50396.1	49252.1	49445.1	1	F52
50397.1	49252.1	49445.1	2	F52
50404.1	49022.1	49061.1	1	F52
50405.1	49022.1	49061.1	2	F52
50406.1	48392.1	49043.1	1	F52
50407.1	48392.1	49043.1	2	F52
50411.1	49042.1	49407.1	2	F52
50412.1	49042.1	49407.1	1	F52
50417.1	48340.1	49413.1	2	F52
50419.1	49280.1	48343.1	2	F52
50420.1	48340.1	49413.1	1	F52
50421.1	49450.1	49239.1	2	F52
50429.1	49454.1	48301.1	2	F52
50430.1	49450.1	49239.1	1	F52
50431.1	49244.1	48487.1	2	F52
50432.1	49454.1	48301.1	1	F52
50225.1	49000.1	49049.1	2	F53
50230.1	49000.1	49049.1	1	F53
49383.1	50136.1	50177.1	2	F53
50076.1	49460.1	50339.1	1	F53
50078.1	50196.1	49429.1	1	F53
50085.1	50110.1	50233.1	2	F53
50086.1	50222.1	50139.1	1	F53
50092.1	50130.1	50199.1	1	F53
50094.1	49478.1	50173.1	1	F53
50095.1	50130.1	50199.1	2	F53
50099.1	49478.1	50173.1	2	F53
50100.1	50136.1	50177.1	1	F53
50474.1	49484.1	49441.1	1	F53
50475.1	49484.1	49441.1	2	F53
50478.1	50244.1	49443.1	1	F53
50482.1	49480.1	49473.1	1	F53
50485.1	49480.1	49473.1	2	F53
50486.1	50224.1	49477.1	1	F53
50487.1	50224.1	49477.1	2	F53
50490.1	50160.1	49481.1	1	F53
50491.1	50160.1	49481.1	2	F53
50494.1	50256.1	49483.1	1	F53
50496.1	50240.1	49495.1	1	F53
50497.1	50256.1	49483.1	2	F53
50500.1	50192.1	50127.1	1	F53
50701.1	50240.1	49495.1	2	F53
50703.1	50192.1	50127.1	2	F53
50704.1	49434.1	50157.1	1	F53
50707.1	49434.1	50157.1	2	F53
50708.1	50116.1	50203.1	1	F53
50712.1	50184.1	50145.1	1	F53
50715.1	50116.1	50203.1	2	F53
50716.1	49500.1	50219.1	1	F53
50719.1	50184.1	50145.1	2	F53
50722.1	49428.1	50261.1	1	F53
50723.1	49500.1	50219.1	2	F53
50728.1	49438.1	50273.1	1	F53
50729.1	49428.1	50261.1	2	F53
50731.1	49438.1	50273.1	2	F53
50735.1	50272.1	49491.1	2	F53
50736.1	50272.1	49491.1	1	F53
50740.1	50200.1	50109.1	1	F53
50741.1	50200.1	50109.1	2	F53
50744.1	50108.1	50128.1	1	F53
50745.1	50108.1	50128.1	2	F53
50746.1	50214.1	50120.1	1	F53
50749.1	50214.1	50120.1	2	F53
50752.1	49442.1	50141.1	1	F53
50753.1	49442.1	50141.1	2	F53
50755.1	49444.1	50135.1	2	F53
50756.1	49444.1	50135.1	1	F53
50760.1	50250.1	50133.1	1	F53
50763.1	50250.1	50133.1	2	F53
50764.1	49492.1	50161.1	1	F53
50767.1	49492.1	50161.1	2	F53
50770.1	50166.1	49433.1	1	F53
50771.1	50166.1	49433.1	2	F53
50774.1	50246.1	49437.1	1	F53
50775.1	50246.1	49437.1	2	F53
50778.1	50236.1	49465.1	1	F53
50779.1	50236.1	49465.1	2	F53
50784.1	50142.1	49489.1	1	F53
50787.1	50142.1	49489.1	2	F53
50788.1	50104.1	50171.1	1	F53
50792.1	50104.1	50171.1	2	F53
50793.1	49496.1	50301.1	2	F53
50794.1	49496.1	50301.1	1	F53
50795.1	49460.1	50339.1	2	F53
50797.1	50196.1	49429.1	2	F53
50798.1	50110.1	50233.1	1	F53
50799.1	50222.1	50139.1	2	F53
51202.1	50318.1	50179.1	1	F53
51204.1	49464.1	50413.1	1	F53
51205.1	50314.1	50101.1	2	F53
51209.1	50162.1	50291.1	2	F53
51210.1	50314.1	50101.1	1	F53
51211.1	50124.1	50393.1	2	F53
51216.1	50162.1	50291.1	1	F53
51219.1	50144.1	50409.1	2	F53
51220.1	50124.1	50393.1	1	F53
51221.1	50170.1	50271.1	2	F53
51223.1	50428.1	50183.1	2	F53
51224.1	50144.1	50409.1	1	F53
51228.1	50170.1	50271.1	1	F53
51229.1	50298.1	50117.1	2	F53
51233.1	50388.1	50113.1	2	F53
51234.1	50428.1	50183.1	1	F53
51236.1	50298.1	50117.1	1	F53
51239.1	50302.1	50187.1	2	F53
51240.1	50388.1	50113.1	1	F53
51241.1	50362.1	49463.1	2	F53
51243.1	50264.1	50257.1	2	F53
51244.1	50302.1	50187.1	1	F53
51245.1	49488.1	50415.1	2	F53
51247.1	50346.1	50105.1	2	F53
51250.1	50362.1	49463.1	1	F53
51254.1	49488.1	50415.1	1	F53
51257.1	50414.1	49469.1	2	F53
51258.1	50346.1	50105.1	1	F53
51259.1	50126.1	50349.1	2	F53
51262.1	50414.1	49469.1	1	F53
51263.1	50422.1	50249.1	2	F53
51268.1	50126.1	50349.1	1	F53
51272.1	50264.1	50257.1	1	F53
51275.1	50312.1	50277.1	2	F53
51276.1	50422.1	50249.1	1	F53
51277.1	50228.1	50175.1	2	F53
51280.1	50228.1	50175.1	1	F53
51281.1	50204.1	50231.1	2	F53
51283.1	50174.1	50243.1	2	F53
51284.1	50204.1	50231.1	1	F53
51288.1	50174.1	50243.1	1	F53
51289.1	50138.1	50389.1	2	F53
51291.1	50276.1	50239.1	2	F53
51294.1	50138.1	50389.1	1	F53
51295.1	50312.1	50277.1	2	F53
51302.1	50276.1	50239.1	1	F53
51303.1	50188.1	50227.1	2	F53
51304.1	50312.1	50277.1	1	F53
51307.1	50270.1	50209.1	2	F53
51308.1	49468.1	50263.1	1	F53
51309.1	50188.1	50227.1	1	F53
51313.1	50162.1	50291.1	2	F53
51319.1	50318.1	50179.1	2	F53
51324.1	50350.1	50215.1	1	F53
51327.1	50350.1	50215.1	2	F53
51328.1	50394.1	50213.1	1	F53
51329.1	50394.1	50213.1	2	F53
51334.1	50356.1	50169.1	1	F53
51335.1	50356.1	50169.1	2	F53
51338.1	50392.1	50165.1	1	F53
51339.1	50392.1	50165.1	2	F53
51342.1	50446.1	50251.1	1	F53
51345.1	50446.1	50251.1	2	F53
51346.1	50306.1	50267.1	1	F53
51348.1	50306.1	50267.1	1	F53
51350.1	50372.1	50283.1	1	F53
51351.1	50372.1	50283.1	2	F53
51355.1	50208.1	50297.1	2	F53
51356.1	50208.1	50297.1	1	F53
51359.1	50424.1	50287.1	2	F53
51360.1	50424.1	50287.1	1	F53
51361.1	50334.1	50305.1	2	F53
51364.1	50334.1	50305.1	1	F53
51367.1	50254.1	50307.1	2	F53
51368.1	50254.1	50307.1	1	F53
51371.1	50260.1	50317.1	2	F53
51372.1	50260.1	50317.1	1	F53
51375.1	50290.1	50309.1	2	F53
51376.1	50290.1	50309.1	1	F53
51377.1	50154.1	50367.1	2	F53
51380.1	50154.1	50367.1	1	F53
51383.1	50292.1	50319.1	2	F53
51384.1	50292.1	50319.1	1	F53
51387.1	50400.1	50295.1	2	F53
51388.1	50400.1	50295.1	1	F53
51392.1	50328.1	50347.1	1	F53
51395.1	50328.1	50347.1	2	F53
51396.1	50212.1	50379.1	1	F53
51399.1	50212.1	50379.1	2	F53
51400.1	50176.1	50353.1	1	F53
51420.1	50320.1	50465.1	1	F53
51454.1	50178.1	50425.1	1	F53
51455.1	50176.1	50353.1	2	F53
51461.1	50320.1	50465.1	2	F53
51463.1	50178.1	50425.1	2	F53
51602.1	50218.1	50373.1	1	F53
51603.1	50218.1	50373.1	2	F53
51604.1	50332.1	50313.1	1	F53
51607.1	50332.1	50313.1	2	F53
51608.1	50472.1	50461.1	1	F53
51609.1	50472.1	50461.1	2	F53
51613.1	50360.1	50331.1	2	F53
51614.1	50360.1	50331.1	1	F53
51616.1	50426.1	50381.1	2	F53
51618.1	50426.1	50381.1	1	F53
51621.1	50442.1	50357.1	2	F53
51624.1	50442.1	50357.1	1	F53
51627.1	50398.1	50363.1	2	F53
51628.1	50398.1	50363.1	1	F53
51631.1	50308.1	50403.1	2	F53
51634.1	50308.1	50403.1	1	F53
51641.1	50462.1	50459.1	2	F53
51642.1	50462.1	50459.1	1	F53
51644.1	50448.1	50361.1	1	F53
51645.1	50448.1	50361.1	2	F53
51648.1	50378.1	50399.1	1	F53
51651.1	50378.1	50399.1	2	F53
51654.1	50384.1	50395.1	1	F53
51656.1	50294.1	50247.1	1	F53
51657.1	50384.1	50395.1	2	F53
51661.1	50294.1	50247.1	2	F53
51660.1	50748.1	51249.1	1	F54
51662.1	49378.1	51267.1	1	F54
51665.1	49378.1	51267.1	2	F54
51666.1	50476.1	50743.1	1	F54
51669.1	50748.1	51249.1	2	F54
51672.1	51206.1	50477.1	1	F54
51673.1	50476.1	50743.1	2	F54
51676.1	50726.1	50733.1	1	F54
51681.1	51206.1	50477.1	2	F54
51682.1	50742.1	50737.1	1	F54
51683.1	50726.1	50733.1	2	F54
51686.1	50710.1	50759.1	1	F54
51689.1	50742.1	50737.1	2	F54
51690.1	50702.1	50751.1	1	F54
51693.1	50710.1	50759.1	2	F54
51694.1	51248.1	50791.1	1	F54
51695.1	50702.1	50751.1	2	F54
51698.1	50750.1	50097.1	1	F54
51700.1	50758.1	50089.1	1	F54
51705.1	50758.1	50089.1	2	F54
51706.1	50730.1	51215.1	1	F54
51709.1	50750.1	50097.1	2	F54
51710.1	50772.1	51207.1	1	F54
51713.1	50730.1	51215.1	2	F54
51714.1	50768.1	51225.1	1	F54
51717.1	50772.1	51207.1	2	F54
51718.1	51232.1	51253.1	1	F54
51722.1	51230.1	51251.1	1	F54
51727.1	51232.1	51253.1	2	F54
51728.1	51270.1	51285.1	1	F54
51731.1	51230.1	51251.1	2	F54
51737.1	50796.1	51305.1	2	F54
51739.1	51270.1	51285.1	2	F54
51745.1	51226.1	51365.1	2	F54
51747.1	50762.1	51261.1	2	F54
51748.1	50480.1	51287.1	1	F54
51752.1	51222.1	51271.1	1	F54
51753.1	50498.1	51255.1	2	F54
51756.1	50088.1	50725.1	1	F54
51759.1	50480.1	51287.1	2	F54
51760.1	51212.1	50721.1	1	F54
51764.1	50714.1	50077.1	1	F54
51765.1	51222.1	51271.1	2	F54
51767.1	50088.1	50725.1	2	F54
51770.1	50766.1	51217.1	1	F54
51771.1	51212.1	50721.1	2	F54
51774.1	50084.1	51273.1	1	F54
51775.1	50714.1	50077.1	2	F54
51778.1	50098.1	50747.1	1	F54
51779.1	50766.1	51217.1	2	F54
51782.1	50096.1	51451.1	1	F54
51785.1	50084.1	51273.1	2	F54
51791.1	50098.1	50747.1	2	F54
51794.1	50488.1	50093.1	1	F54
51795.1	50096.1	51451.1	2	F54
51801.1	50488.1	50093.1	2	F54
51804.1	50776.1	51269.1	1	F54
51810.1	50718.1	51323.1	1	F54
51811.1	50776.1	51269.1	2	F54
51812.1	51214.1	51397.1	1	F54
51813.1	50718.1	51323.1	2	F54
51815.1	51214.1	51397.1	2	F54
51816.1	51246.1	51333.1	1	F54
51819.1	51246.1	51333.1	2	F54
51820.1	51260.1	51369.1	1	F54
51823.1	51260.1	51369.1	2	F54
51828.1	50080.1	51389.1	1	F54
51829.1	50080.1	51389.1	2	F54
51831.1	51290.1	51379.1	2	F54
51832.1	51290.1	51379.1	1	F54
51833.1	51322.1	50717.1	2	F54
51836.1	51322.1	50717.1	1	F54
51839.1	51310.1	51325.1	2	F54
51840.1	51310.1	51325.1	1	F54
51842.1	51238.1	51317.1	1	F54
51845.1	51238.1	51317.1	2	F54
51847.1	50800.1	51373.1	2	F54
51850.1	50800.1	51373.1	1	F54
51853.1	50734.1	49381.1	2	F54
51854.1	50734.1	49381.1	1	F54
51857.1	51282.1	51235.1	2	F54
51858.1	51282.1	51235.1	1	F54
51863.1	51278.1	50727.1	2	F54
51866.1	51278.1	50727.1	1	F54
51867.1	51286.1	51213.1	2	F54
51870.1	51286.1	51213.1	1	F54
51871.1	51292.1	51231.1	2	F54
51875.1	51326.1	50087.1	2	F54
51877.1	51340.1	50495.1	2	F54
51878.1	51326.1	50087.1	1	F54
51881.1	51306.1	50785.1	2	F54
51882.1	51340.1	50495.1	1	F54
51883.1	51640.1	50489.1	2	F54
51886.1	51298.1	51203.1	1	F54
51890.1	51640.1	50489.1	1	F54
51891.1	50780.1	50321.1	2	F54
51892.1	50780.1	50321.1	1	F54
51896.1	51296.1	50079.1	1	F54
51897.1	51296.1	50079.1	2	F54
51901.1	51218.1	51315.1	2	F54
51902.1	51218.1	51315.1	1	F54
51905.1	51318.1	50761.1	2	F54
51906.1	51318.1	50761.1	1	F54
51910.1	51242.1	51363.1	1	F54
51911.1	51242.1	51363.1	2	F54
51916.1	51266.1	51381.1	1	F54
51920.1	50754.1	51805.1	1	F54
51923.1	51266.1	51381.1	2	F54
51924.1	50790.1	51475.1	1	F54
51927.1	50754.1	51805.1	2	F54
51930.1	51252.1	51635.1	1	F54
51933.1	50790.1	51475.1	2	F54
51935.1	51252.1	51635.1	2	F54
51936.1	50786.1	51425.1	1	F54
51940.1	50492.1	51611.1	1	F54
51941.1	50786.1	51425.1	2	F54
51944.1	51208.1	51385.1	1	F54
51947.1	50492.1	51611.1	2	F54
51949.1	51208.1	51385.1	2	F54
51950.1	51274.1	50483.1	1	F54
51953.1	51274.1	50483.1	2	F54
51959.1	51336.1	51423.1	2	F54
51961.1	51330.1	51265.1	2	F54
51962.1	51330.1	51265.1	1	F54
51965.1	51362.1	50739.1	2	F54
51966.1	51362.1	50739.1	1	F54
51971.1	51352.1	51357.1	2	F54
51972.1	51352.1	51357.1	1	F54
51976.1	51354.1	51419.1	1	F54
51979.1	51354.1	51419.1	2	F54
51980.1	51606.1	51391.1	1	F54
51981.1	51606.1	51391.1	2	F54
51982.1	51650.1	50493.1	1	F54
51984.1	51652.1	50789.1	1	F54
51987.1	51652.1	50789.1	2	F54
51991.1	50484.1	51643.1	2	F54
51992.1	50484.1	51643.1	1	F54
51993.1	51348.1	51421.1	2	F54
51994.1	51348.1	51421.1	1	F54
51997.1	51374.1	50705.1	2	F54
51998.1	51300.1	50713.1	1	F54
52000.1	51358.1	51639.1	1	F54
52003.1	51300.1	50713.1	2	F54
52004.1	51646.1	51237.1	1	F54
52009.1	51358.1	51639.1	2	F54
52012.1	51418.1	51353.1	1	F54
52014.1	50738.1	51465.1	1	F54
52015.1	51418.1	51353.1	2	F54
52018.1	51306.1	50785.1	1	F54
52019.1	50738.1	51465.1	2	F54
52022.1	50724.1	51653.1	1	F54
52026.1	50090.1	51647.1	1	F54
52027.1	50724.1	51653.1	2	F54
52030.1	51610.1	51347.1	1	F54
52031.1	50090.1	51647.1	2	F54
52036.1	50782.1	51625.1	1	F54
52040.1	51452.1	51659.1	1	F54
52041.1	50782.1	51625.1	2	F54
52044.1	51456.1	50499.1	1	F54
52045.1	51452.1	51659.1	2	F54
52048.1	51394.1	50769.1	1	F54
52049.1	51456.1	50499.1	2	F54
52053.1	50720.1	51393.1	2	F54
52055.1	51314.1	51619.1	2	F54
52058.1	51366.1	51341.1	1	F54
52059.1	51394.1	50769.1	2	F54
52062.1	51636.1	51457.1	1	F54
52063.1	51366.1	51341.1	2	F54
52066.1	51382.1	51633.1	1	F54
52067.1	51636.1	51457.1	2	F54
52071.1	51382.1	51633.1	2	F54
52072.1	51622.1	51293.1	1	F54
52073.1	51622.1	51293.1	2	F54
52101.1	51620.1	51629.1	2	F54
52102.1	51620.1	51629.1	1	F54
52103.1	51386.1	50091.1	2	F54
52138.1	51386.1	50091.1	1	F54
52139.1	51398.1	51615.1	2	F54
52144.1	51398.1	51615.1	1	F54
52145.1	51802.1	51337.1	2	F54
52149.1	51390.1	51459.1	2	F54
52150.1	51802.1	51337.1	1	F54
52152.1	51390.1	51459.1	1	F54
52175.1	50082.1	51617.1	2	F54
52177.1	51638.1	51279.1	2	F54
52178.1	50082.1	51617.1	1	F54
52180.1	51638.1	51279.1	1	F54
52185.1	51630.1	51301.1	2	F54
52186.1	51630.1	51301.1	1	F54
52076.1	51942.1	51817.1	1	F55
52077.1	51912.1	51769.1	2	F55
52079.1	51934.1	51711.1	2	F55
52081.1	51952.1	51885.1	2	F55
52083.1	51818.1	52021.1	2	F55
52088.1	51934.1	51711.1	1	F55
52092.1	51952.1	51885.1	1	F55
52093.1	51784.1	52033.1	2	F55
52096.1	51818.1	52021.1	1	F55
52099.1	51664.1	51917.1	2	F55
52107.1	51766.1	51809.1	2	F55
52108.1	51766.1	51809.1	1	F55
52109.1	51744.1	51835.1	2	F55
52112.1	51744.1	51835.1	1	F55
52115.1	51702.1	51851.1	2	F55
52116.1	51702.1	51851.1	1	F55
52117.1	51776.1	51861.1	2	F55
52120.1	51776.1	51861.1	1	F55
52123.1	51684.1	51761.1	2	F55
52124.1	51684.1	51761.1	1	F55
52127.1	51716.1	51741.1	2	F55
52131.1	51814.1	51787.1	2	F55
52132.1	51716.1	51741.1	1	F55
52136.1	51814.1	51787.1	1	F55
52153.1	51808.1	51773.1	2	F55
52156.1	51808.1	51773.1	1	F55
52159.1	51796.1	51865.1	2	F55
52161.1	51806.1	51879.1	2	F55
52162.1	51796.1	51865.1	1	F55
52164.1	51806.1	51879.1	1	F55
52165.1	51826.1	51715.1	2	F55
52168.1	51826.1	51715.1	1	F55
52169.1	51736.1	51671.1	2	F55
52173.1	51708.1	51707.1	2	F55
52174.1	51736.1	51671.1	1	F55
52182.1	51912.1	51769.1	1	F55
52191.1	51712.1	51837.1	2	F55
52192.1	51708.1	51707.1	1	F55
52193.1	51758.1	51943.1	2	F55
52197.1	51942.1	51817.1	2	F55
52198.1	51712.1	51837.1	1	F55
54100.1	51784.1	52033.1	1	F55
54104.1	51664.1	51917.1	1	F55
54105.1	51838.1	51909.1	2	F55
54106.1	51838.1	51909.1	1	F55
54109.1	51830.1	51893.1	2	F55
54113.1	51880.1	52013.1	2	F55
54114.1	51830.1	51893.1	1	F55
54116.1	51880.1	52013.1	1	F55
54117.1	51874.1	52029.1	2	F55
54121.1	51974.1	51667.1	2	F55
54124.1	51874.1	52029.1	1	F55
54125.1	51918.1	51859.1	2	F55
54126.1	51974.1	51667.1	1	F55
54130.1	51918.1	51859.1	1	F55
54131.1	51704.1	52025.1	2	F55
54133.1	52010.1	52007.1	2	F55
54134.1	51704.1	52025.1	1	F55
54138.1	52010.1	52007.1	1	F55
54139.1	52002.1	51685.1	2	F55
54141.1	51968.1	51955.1	2	F55
54142.1	52002.1	51685.1	1	F55
54146.1	51968.1	51955.1	1	F55
54147.1	51922.1	52005.1	2	F55
54149.1	51932.1	51777.1	2	F55
54150.1	51922.1	52005.1	1	F55
54153.1	51908.1	51733.1	2	F55
54154.1	51932.1	51777.1	1	F55
54157.1	51862.1	51687.1	2	F55
54158.1	51908.1	51733.1	1	F55
54161.1	51978.1	51873.1	2	F55
54164.1	51862.1	51687.1	1	F55
54165.1	51996.1	52037.1	2	F55
54166.1	51978.1	51873.1	1	F55
54169.1	51938.1	51749.1	2	F55
54170.1	51938.1	51749.1	1	F55
54173.1	51754.1	51903.1	2	F55
54176.1	51996.1	52037.1	1	F55
54178.1	51754.1	51903.1	1	F55
54179.1	51904.1	51755.1	2	F55
54182.1	51904.1	51755.1	1	F55
54183.1	51990.1	51691.1	2	F55
54186.1	51990.1	51691.1	1	F55
54187.1	51730.1	51999.1	2	F55
54190.1	51730.1	51999.1	1	F55
54193.1	51632.1	51299.1	2	F55
54194.1	51958.1	51797.1	1	F55
54196.1	51632.1	51299.1	1	F55
54198.1	51986.1	51735.1	1	F55
54199.1	51958.1	51797.1	2	F55
54201.1	51986.1	51735.1	2	F55
54207.1	51730.1	51999.1	2	F55
54209.1	51964.1	51781.1	2	F55
54213.1	521820.1	51937.1	2	F55
54216.1	51868.1	52069.1	1	F55
54217.1	51846.1	51989.1	2	F55
54220.1	52050.1	51985.1	1	F55
54221.1	52060.1	51841.1	2	F55
54226.1	51948.1	52141.1	1	F55
54227.1	51868.1	52069.1	2	F55
54229.1	52050.1	51985.1	2	F55
54230.1	52064.1	51945.1	1	F55
54233.1	51948.1	52141.1	2	F55
54234.1	51856.1	51925.1	1	F55
54237.1	52064.1	51945.1	2	F55
54238.1	51822.1	52043.1	1	F55
54240.1	52042.1	51725.1	1	F55
54243.1	51856.1	51925.1	2	F55
54244.1	51872.1	51967.1	1	F55
54245.1	51822.1	52043.1	2	F55
54248.1	52008.1	52051.1	1	F55
54249.1	52042.1	51725.1	2	F55
54252.1	52028.1	51821.1	1	F55
54253.1	51872.1	51967.1	2	F55
54256.1	52146.1	51929.1	1	F55
54257.1	52008.1	52051.1	2	F55
54260.1	52016.1	52183.1	1	F55
54261.1	52028.1	51821.1	2	F55
54266.1	52074.1	51975.1	1	F55
54267.1	52146.1	51929.1	2	F55
54269.1	52016.1	52183.1	2	F55
54270.1	52056.1	51951.1	1	F55
54274.1	52140.1	51763.1	1	F55
54277.1	52074.1	51975.1	2	F55
54279.1	52056.1	51951.1	2	F55
54282.1	52184.1	51957.1	1	F55
54283.1	52140.1	51763.1	2	F55
54284.1	52038.1	52065.1	1	F55
54289.1	51724.1	52061.1	2	F55
54290.1	52046.1	51849.1	1	F55
54291.1	52184.1	51957.1	2	F55
54294.1	52188.1	51701.1	1	F55
54295.1	52038.1	52065.1	2	F55
54298.1	51750.1	52075.1	1	F55
54299.1	52046.1	51849.1	2	F55
54300.1	51888.1	51825.1	1	F55
54303.1	52188.1	51701.1	2	F55
54304.1	51872.1	51967.1	1	F55
54307.1	51750.1	52075.1	2	F55
54310.1	51926.1	52181.1	1	F55
54311.1	51888.1	51825.1	2	F55
54315.1	51872.1	51967.1	2	F55
54316.1	51678.1	52151.1	1	F55
54319.1	51926.1	52181.1	2	F55
54320.1	52024.1	51899.1	1	F55
54323.1	51678.1	52151.1	2	F55
54324.1	51780.1	52143.1	1	F55
54327.1	52024.1	51899.1	2	F55
54330.1	51762.1	52095.1	1	F55
54331.1	51780.1	52143.1	2	F55
54332.1	54191.1	51931.1	1	F55
54335.1	51762.1	52095.1	2	F55
54336.1	52020.1	51939.1	1	F55
54339.1	54191.1	51931.1	2	F55
54340.1	51692.1	51869.1	1	F55
54343.1	52020.1	51939.1	2	F55
54346.1	52148.1	51895.1	1	F55
54347.1	51692.1	51869.1	2	F55
54350.1	51674.1	51983.1	1	F55
54352.1	51740.1	51827.1	1	F55
54353.1	52148.1	51895.1	2	F55
54357.1	51674.1	51983.1	2	F55
54359.1	51740.1	51827.1	2	F55
54360.1	52006.1	51973.1	1	F55
54363.1	52006.1	51973.1	2	F55
54367.1	51670.1	51995.1	2	F55
54368.1	51670.1	51995.1	1	F55
54371.1	51898.1	52147.1	2	F55
54372.1	51898.1	52147.1	1	F55
54805.1	52032.1	52047.1	2	F55
54375.1	52090.1	52119.1	2	F56
54376.1	52090.1	52119.1	1	F56
54379.1	54102.1	52113.1	2	F56
54380.1	54102.1	52113.1	1	F56
54383.1	52170.1	52189.1	2	F56
54384.1	52170.1	52189.1	1	F56
54385.1	52160.1	52199.1	2	F56
54386.1	52170.1	52189.1	1	F56
54389.1	54184.1	52089.1	2	F56
54390.1	54184.1	52089.1	1	F56
54393.1	52098.1	54103.1	2	F56
54396.1	52098.1	54103.1	1	F56
54397.1	54160.1	54137.1	2	F56
54398.1	54160.1	54137.1	1	F56
54808.1	54168.1	54123.1	1	F56
54809.1	54168.1	54123.1	2	F56
54812.1	54156.1	54119.1	1	F56
54813.1	54156.1	54119.1	2	F56
54816.1	52094.1	52129.1	1	F56
54817.1	52094.1	52129.1	2	F56
54818.1	52122.1	52111.1	1	F56
54821.1	52134.1	52163.1	2	F56
54822.1	52134.1	52163.1	1	F56
54824.1	54152.1	52187.1	1	F56
54827.1	52122.1	52111.1	2	F56
54829.1	54152.1	52187.1	2	F56
54830.1	52196.1	54175.1	1	F56
54835.1	52196.1	54175.1	2	F56
54836.1	54110.1	54155.1	1	F56
54841.1	54110.1	54155.1	2	F56
54842.1	54112.1	54167.1	1	F56
54847.1	54112.1	54167.1	2	F56
54848.1	54162.1	54181.1	1	F56
54851.1	54162.1	54181.1	2	F56
54853.1	52084.1	52097.1	2	F56
54854.1	52084.1	52097.1	1	F56
54859.1	54172.1	54163.1	2	F56
54862.1	54172.1	54163.1	1	F56
54863.1	52114.1	52091.1	2	F56
54864.1	52114.1	52091.1	1	F56
54867.1	54204.1	52171.1	2	F56
54868.1	54204.1	52171.1	1	F56
54871.1	52094.1	52129.1	2	F56
54872.1	52094.1	52129.1	1	F56
54875.1	54118.1	54251.1	2	F56
54876.1	54218.1	52105.1	1	F56
54879.1	54192.1	54231.1	2	F56
54880.1	54118.1	54251.1	1	F56
54883.1	52166.1	54241.1	2	F56
54884.1	54192.1	54231.1	1	F56
54887.1	54214.1	52121.1	2	F56
54888.1	52166.1	54241.1	1	F56
54891.1	54296.1	54127.1	2	F56
54892.1	54214.1	52121.1	1	F56
54895.1	54280.1	54189.1	2	F56
54896.1	54296.1	54127.1	1	F56
54899.1	54242.1	54171.1	2	F56
54900.1	54280.1	54189.1	1	F56
56203.1	54250.1	54281.1	2	F56
56204.1	54242.1	54171.1	1	F56
56207.1	52194.1	54239.1	2	F56
56208.1	54250.1	54281.1	1	F56
56211.1	52158.1	54287.1	2	F56
56212.1	52194.1	54239.1	1	F56
56215.1	54258.1	54107.1	2	F56
56216.1	52158.1	54287.1	1	F56
56219.1	52130.1	54275.1	2	F56
56220.1	54258.1	54107.1	1	F56
56223.1	54222.1	54135.1	2	F56
56224.1	52130.1	54275.1	1	F56
56227.1	54174.1	54211.1	2	F56
56228.1	54222.1	54135.1	1	F56
56231.1	54232.1	54185.1	2	F56
56232.1	54174.1	54211.1	1	F56
56235.1	54136.1	54263.1	2	F56
56236.1	54232.1	54185.1	1	F56
56237.1	54228.1	54151.1	2	F56
56240.1	54136.1	54263.1	1	F56
56241.1	52176.1	54219.1	2	F56
56244.1	54228.1	54151.1	1	F56
56245.1	52106.1	54235.1	2	F56
56248.1	52176.1	54219.1	1	F56
56249.1	52110.1	54255.1	2	F56
56252.1	52106.1	54235.1	1	F56
56253.1	54180.1	54293.1	2	F56
56256.1	52110.1	54255.1	1	F56
56257.1	54144.1	54285.1	2	F56
56260.1	54180.1	54293.1	1	F56
56261.1	54268.1	54143.1	2	F56
56264.1	54144.1	54285.1	1	F56
56265.1	54254.1	54301.1	2	F56
56268.1	54268.1	54143.1	1	F56
56272.1	54254.1	54301.1	1	F56
56273.1	54246.1	54247.1	2	F56
56275.1	54236.1	54297.1	2	F56
56276.1	54246.1	54247.1	1	F56
56279.1	54188.1	54215.1	2	F56
56280.1	54236.1	54297.1	1	F56
56284.1	54188.1	54215.1	1	F56
