6304   6304 6253 6189   2         46 40629.1
6293   6293 6239 6187   2         46 40613.1
6301   6301 6180 6182   2         46 40625.1
6281   6281 6219 6181   2         46 40597.1
6308   6308 6255 6202   2         46 40633.1
6299   6299 6259 6198   2         46 40623.1
6329   6329 6271 6210   2         46 40661.1
6385   6385 6171 6268   2         46 41346.1
6279   6279 6249 6164   2         46 40595.1
6284   6284 6261 6174   2         46 40601.1
6285   6285 6221 6176   2         46 40603.1
6318   6318 6218 6232   2         46 40646.1
6322   6322 6233 6211   2         46 40650.1
6296   6296 6251 6168   2         46 40616.1
6317   6317 6273 6200   2         46 40645.1
6343   6343 6216 6272   2         46 40682.1
6342   6342 6214 6246   2         46 40680.1
6312   6312 6160 6196   2         46 40637.1
6320   6320 6184 6234   2         46 40648.1
6317.1 6317 6273 6200   2         46 40645.1
6333   6333 6262 6222   2         46 40666.1
6340   6340 6186 6250   2         46 40676.1
6324   6324 6209 6215   2         46 40652.1
6387   6387 6186 6250   2         46 41348.1
6389   6389 6165 6266   2         46 41352.1
6336   6336 6199 6230   2         46 40672.1
6381   6381 6178 6264   2         46 41332.1
6375   6375 6197 6159   2         46 41248.1
6291   6291 6225 6179   2         46 40611.1
6314   6314 6161 6194   2         46 40641.1
6338   6338 6265 6157   2         46 40674.1
6281.1 6281 6219 6181   2         46 40597.1
6361   6361 6247 6256   2         46 40716.1
6365   6365 6190 6274   2         46 41204.1
6380   6380 6175 6248   2         46 41330.1
6362   6362 6203 6258   2         46 40718.1
6363   6363 6209 6215   2         46 40720.1
6369   6369 6278 6263   2         46 41236.1
6416   6416 6284 6368   2         47 42072.1
6418   6418 6285 6309   2         47 42075.1
6414   6414 6279 6345   2         47 42069.1
6423   6423 6296 6376   2         47 42163.1
6402   6402 6308 6300   2         47 42045.1
6398   6398 6281 6347   2         47 42012.1
7227   7227 6910 6981   2         51 48459.1
7255   7255 6855 6930   2         51 48497.1
7165   7165 6849 6851   2         51 48393.1
7165.1 7165 6849 6851   2         51 48393.1
7165.2 7165 6849 6851   2         51 48393.1
7352   7352 6914 7017   2         51 49241.1
7352.1 7352 6914 7017   2         51 49241.1
7408   7408 6809 7068   2         51 49421.1
7408.1 7408 6809 7068   2         51 49421.1
7412   7412 6821 6753   2         51 49445.1
7412.1 7412 6821 6753   2         51 49445.1
7412.2 7412 6821 6753   2         51 49445.1
7412.3 7412 6821 6753   2         51 49445.1
7307   7307 6988 6950   2         51 49061.1
7307.1 7307 6988 6950   2         51 49061.1
7294   7294 6969 6952   2         51 49043.1
7400   7400 6861 7072   2         51 49407.1
7400.1 7400 6861 7072   2         51 49407.1
7403   7403 6956 7039   2         51 49413.1
7403.1 7403 6956 7039   2         51 49413.1
7350   7350 6819 7014   2         51 49239.1
7403.2 7403 6956 7039   2         51 49413.1
7350.1 7350 6819 7014   2         51 49239.1
7350.2 7350 6819 7014   2         51 49239.1
7350.3 7350 6819 7014   2         51 49239.1
7084   7084 6906 6835   2         51 48301.1
7247   7247 6799 6978   2         51 48487.1
7139   7139 6915 6862   2         51 48363.1
7139.1 7139 6915 6862   2         51 48363.1
7327   7327 7069 6752   2         51 49209.1    
