26580.1
26581.1
26582.1
26583.1
26584.1
26585.1
26586.1
26587.1
26588.1
26589.1
26590.1
26591.1
26592.1
26593.1
26594.1
26595.1
45493.1
45494.1
45496.1
45497.1
45498.1
45499.1
46001.1
46002.1
46004.1
46005.1
46006.1
46007.1
46008.1
46009.1
46010.1
46011.1
46012.1
46013.1
46014.1
46015.1
46016.1
46017.1
46019.1
46020.1
46023.1
46024.1
46027.1
46126.1
46127.1
46128.1
46129.1
46130.1
46131.1
46132.1
46133.1
46134.1
46135.1
46136.1
46137.1
46138.1
46139.1
46140.1
46141.1
46142.1
46143.1
46144.1
46145.1
46146.1
46147.1
46148.1
46149.1
46150.1
46151.1
46152.1
46153.1
46154.1
46155.1
46156.1
46157.1
46307.1
46319.1
46320.1
46341.1
46345.1
46349.1
46353.1
46356.1
46357.1
46360.1
46361.1
46364.1
46365.1
46369.1
46372.1
46386.1
46388.1
46389.1
46392.1
46393.1
46397.1
46429.1
46430.1
46433.1
46434.1
46437.1
46438.1
46442.1
46446.1
46447.1
46450.1
46451.1
46454.1
46455.1
46457.1
46458.1
46461.1
46462.1
46465.1
46466.1
46469.1
46470.1
46473.1
46474.1
46478.1
46479.1
46482.1
46483.1
46486.1
46487.1
46490.1
46491.1
46497.1
46498.1
46640.1
46641.1
46644.1
46645.1
46672.1
46675.1
46695.1
48290.1
48304.1
48305.1
48306.1
48311.1
48313.1
48314.1
48316.1
48325.1
48326.1
48328.1
48331.1
48332.1
48337.1
48342.1
48344.1
48345.1
48347.1
48348.1
48352.1
48353.1
48355.1
48358.1
48361.1
48362.1
48365.1
48366.1
48369.1
48370.1
48373.1
48374.1
48377.1
48379.1
48381.1
48382.1
48383.1
48384.1
48387.1
48390.1
48391.1
48394.1
48395.1
48398.1
48399.1
48402.1
48406.1
48408.1
48409.1
48411.1
48412.1
48416.1
48417.1
48420.1
48423.1
48425.1
48426.1
48432.1
48436.1
48439.1
48441.1
48443.1
48444.1
48445.1
48447.1
48449.1
48452.1
48456.1
48464.1
48468.1
48472.1
48473.1
48475.1
48477.1
48478.1
48479.1
48482.1
48486.1
48489.1
48490.1
48494.1
48495.1
48496.1
49004.1
49007.1
49008.1
49011.1
49012.1
49015.1
49016.1
49019.1
49020.1
49024.1
49025.1
49026.1
49027.1
49028.1
49031.1
49032.1
49035.1
49036.1
49040.1
49041.1
49045.1
49048.1
49052.1
49055.1
49056.1
49210.1
49211.1
49213.1
49214.1
49217.1
49218.1
49221.1
49222.1
49226.1
49229.1
49230.1
49231.1
49233.1
49234.1
49237.1
49238.1
49240.1
49243.1
49245.1
49246.1
49249.1
49251.1
49254.1
49255.1
49258.1
49259.1
49262.1
49263.1
49266.1
49267.1
49270.1
49274.1
49278.1
49282.1
49286.1
49287.1
49289.1
49293.1
49294.1
49297.1
49298.1
49383.1
49401.1
49404.1
49405.1
49408.1
49409.1
49414.1
49416.1
49417.1
49424.1
49426.1
49427.1
49430.1
49431.1
49432.1
49435.1
49436.1
49439.1
49440.1
49447.1
49448.1
49451.1
49452.1
49453.1
49456.1
49461.1
49462.1
49466.1
49467.1
49470.1
49471.1
49472.1
49475.1
49476.1
49479.1
49482.1
49485.1
49486.1
49487.1
49490.1
49494.1
49497.1
49498.1
49499.1
50076.1
50078.1
50085.1
50086.1
50092.1
50094.1
50095.1
50099.1
50100.1
50102.1
50103.1
50106.1
50107.1
50114.1
50115.1
50118.1
50119.1
50121.1
50122.1
50125.1
50129.1
50131.1
50132.1
50134.1
50137.1
50140.1
50143.1
50146.1
50147.1
50148.1
50150.1
50151.1
50152.1
50153.1
50156.1
50158.1
50159.1
50163.1
50164.1
50168.1
50172.1
50182.1
50185.1
50186.1
50189.1
50190.1
50191.1
50194.1
50195.1
50198.1
50201.1
50202.1
50205.1
50206.1
50210.1
50211.1
50216.1
50217.1
50220.1
50223.1
50225.1
50226.1
50230.1
50234.1
50235.1
50237.1
50238.1
50241.1
50242.1
50245.1
50248.1
50252.1
50253.1
50255.1
50258.1
50259.1
50262.1
50265.1
50266.1
50269.1
50279.1
50282.1
50286.1
50288.1
50293.1
50296.1
50299.1
50300.1
50303.1
50304.1
50310.1
50311.1
50315.1
50316.1
50322.1
50326.1
50327.1
50330.1
50333.1
50335.1
50336.1
50340.1
50341.1
50344.1
50345.1
50348.1
50351.1
50354.1
50355.1
50358.1
50359.1
50364.1
50365.1
50369.1
50370.1
50374.1
50375.1
50377.1
50382.1
50383.1
50385.1
50386.1
50390.1
50391.1
50396.1
50397.1
50404.1
50405.1
50406.1
50407.1
50411.1
50412.1
50417.1
50419.1
50420.1
50421.1
50429.1
50430.1
50431.1
50432.1
50474.1
50475.1
50478.1
50479.1
50482.1
50485.1
50486.1
50487.1
50490.1
50491.1
50494.1
50496.1
50497.1
50500.1
50701.1
50703.1
50704.1
50707.1
50708.1
50712.1
50715.1
50716.1
50719.1
50722.1
50723.1
50728.1
50729.1
50731.1
50735.1
50736.1
50740.1
50741.1
50744.1
50745.1
50746.1
50749.1
50752.1
50753.1
50755.1
50756.1
50760.1
50763.1
50764.1
50767.1
50770.1
50771.1
50774.1
50775.1
50778.1
50779.1
50784.1
50787.1
50788.1
50792.1
50793.1
50794.1
50795.1
50797.1
50798.1
50799.1
51201.1
51202.1
51204.1
51205.1
51209.1
51210.1
51211.1
51216.1
51219.1
51220.1
51221.1
51223.1
51224.1
51228.1
51229.1
51233.1
51234.1
51236.1
51239.1
51240.1
51241.1
51243.1
51244.1
51245.1
51247.1
51250.1
51254.1
51257.1
51258.1
51259.1
51262.1
51263.1
51268.1
51272.1
51275.1
51276.1
51277.1
51280.1
51281.1
51283.1
51284.1
51288.1
51289.1
51291.1
51294.1
51295.1
51297.1
51302.1
51303.1
51304.1
51307.1
51308.1
51309.1
51313.1
51319.1
51324.1
51327.1
51328.1
51329.1
51334.1
51335.1
51338.1
51339.1
51342.1
51345.1
51346.1
51349.1
51350.1
51351.1
51355.1
51356.1
51359.1
51360.1
51361.1
51364.1
51367.1
51368.1
51371.1
51372.1
51375.1
51376.1
51377.1
51380.1
51383.1
51384.1
51387.1
51388.1
51392.1
51395.1
51396.1
51399.1
51400.1
51420.1
51454.1
51455.1
51461.1
51463.1
51602.1
51603.1
51604.1
51607.1
51608.1
51609.1
51613.1
51614.1
51616.1
51618.1
51621.1
51624.1
51627.1
51628.1
51631.1
51634.1
51641.1
51642.1
51644.1
51645.1
51648.1
51651.1
51654.1
51656.1
51657.1
51660.1
51661.1
51662.1
51665.1
51666.1
51669.1
51672.1
51673.1
51676.1
51681.1
51682.1
51683.1
51686.1
51689.1
51690.1
51693.1
51694.1
51695.1
51698.1
51699.1
51700.1
51705.1
51706.1
51709.1
51710.1
51713.1
51714.1
51717.1
51718.1
51722.1
51723.1
51727.1
51728.1
51731.1
51734.1
51737.1
51738.1
51739.1
51742.1
51745.1
51746.1
51747.1
51748.1
51752.1
51753.1
51756.1
51759.1
51760.1
51764.1
51765.1
51767.1
51770.1
51771.1
51774.1
51775.1
51778.1
51779.1
51782.1
51785.1
51791.1
51794.1
51795.1
51801.1
51804.1
51810.1
51811.1
51812.1
51813.1
51815.1
51816.1
51819.1
51820.1
51823.1
51828.1
51829.1
51831.1
51832.1
51833.1
51836.1
51839.1
51840.1
51842.1
51845.1
51847.1
51850.1
51853.1
51854.1
51857.1
51858.1
51863.1
51866.1
51867.1
51870.1
51871.1
51875.1
51876.1
51877.1
51878.1
51881.1
51882.1
51883.1
51886.1
51890.1
51891.1
51892.1
51896.1
51897.1
51901.1
51902.1
51905.1
51906.1
51910.1
51911.1
51913.1
51914.1
51916.1
51920.1
51923.1
51924.1
51927.1
51930.1
51933.1
51935.1
51936.1
51940.1
51941.1
51944.1
51947.1
51949.1
51950.1
51953.1
51956.1
51959.1
51961.1
51962.1
51965.1
51966.1
51971.1
51972.1
51976.1
51979.1
51980.1
51981.1
51982.1
51984.1
51987.1
51991.1
51992.1
51993.1
51994.1
51997.1
51998.1
52000.1
52003.1
52004.1
52009.1
52011.1
52012.1
52014.1
52015.1
52018.1
52019.1
52022.1
52026.1
52027.1
52030.1
52031.1
52035.1
52036.1
52040.1
52041.1
52044.1
52045.1
52048.1
52049.1
52053.1
52055.1
52058.1
52059.1
52062.1
52063.1
52066.1
52067.1
52071.1
52072.1
52073.1
52076.1
52077.1
52079.1
52081.1
52083.1
52088.1
52092.1
52093.1
52096.1
52099.1
52100.1
52101.1
52102.1
52103.1
52107.1
52108.1
52109.1
52112.1
52115.1
52116.1
52117.1
52120.1
52123.1
52124.1
52127.1
52131.1
52132.1
52136.1
52138.1
52139.1
52144.1
52145.1
52149.1
52150.1
52152.1
52153.1
52156.1
52159.1
52161.1
52162.1
52164.1
52165.1
52168.1
52169.1
52173.1
52174.1
52175.1
52177.1
52178.1
52180.1
52182.1
52185.1
52186.1
52191.1
52192.1
52193.1
52197.1
52198.1
54100.1
54104.1
54105.1
54106.1
54109.1
54113.1
54114.1
54116.1
54117.1
54121.1
54124.1
54125.1
54126.1
54130.1
54131.1
54133.1
54134.1
54138.1
54139.1
54141.1
54142.1
54146.1
54147.1
54149.1
54150.1
54153.1
54154.1
54157.1
54158.1
54161.1
54164.1
54165.1
54166.1
54169.1
54170.1
54173.1
54176.1
54178.1
54179.1
54182.1
54183.1
54186.1
54187.1
54190.1
54193.1
54194.1
54196.1
54198.1
54199.1
54201.1
54207.1
54209.1
54213.1
54216.1
54217.1
54220.1
54221.1
54226.1
54227.1
54229.1
54230.1
54233.1
54234.1
54237.1
54238.1
54240.1
54243.1
54244.1
54245.1
54248.1
54249.1
54252.1
54253.1
54256.1
54257.1
54260.1
54261.1
54266.1
54267.1
54269.1
54270.1
54274.1
54276.1
54277.1
54279.1
54282.1
54283.1
54284.1
54289.1
54290.1
54291.1
54294.1
54295.1
54298.1
54299.1
54300.1
54303.1
54304.1
54307.1
54310.1
54311.1
54315.1
54316.1
54319.1
54320.1
54323.1
54324.1
54327.1
54330.1
54331.1
54332.1
54335.1
54336.1
54339.1
54340.1
54343.1
54346.1
54347.1
54350.1
54352.1
54353.1
54357.1
54359.1
54360.1
54363.1
54367.1
54368.1
54371.1
54372.1
54375.1
54376.1
54379.1
54380.1
54383.1
54384.1
54385.1
54388.1
54389.1
54390.1
54393.1
54396.1
54397.1
54398.1
54805.1
54808.1
54809.1
54812.1
54813.1
54816.1
54817.1
54818.1
54821.1
54822.1
54824.1
54827.1
54829.1
54830.1
54835.1
54836.1
54841.1
54842.1
54847.1
54848.1
54851.1
54853.1
54854.1
54859.1
54862.1
54863.1
54864.1
54867.1
54868.1
54871.1
54872.1
54875.1
54876.1
54879.1
54880.1
54883.1
54884.1
54887.1
54888.1
54891.1
54892.1
54895.1
54896.1
54899.1
54900.1
56203.1
56204.1
56207.1
56208.1
56211.1
56212.1
56215.1
56216.1
56219.1
56220.1
56223.1
56224.1
56227.1
56228.1
56231.1
56232.1
56235.1
56236.1
56237.1
56240.1
56241.1
56244.1
56245.1
56248.1
56249.1
56252.1
56253.1
56256.1
56257.1
56260.1
56261.1
56264.1
56265.1
56268.1
56272.1
56273.1
56275.1
56276.1
56279.1
56280.1
56284.1
